0.032142 2.310651 2.020573 0.463704 2.137302 
1.600854 0.415403 1.060300 1.490623 1.070249 
1.024077 1.247944 1.948433 0.916242 1.531442 
2.295422 1.619756 1.787869 2.161162 2.181714 
2.791467 1.910196 2.229007 0.479049 1.410244 
0.649130 1.233298 1.573576 1.449241 2.259363 
1.989908 2.442121 2.634509 1.270031 1.103093 
1.292974 1.128772 2.499505 1.160878 2.472484 
2.406121 1.565990 2.194986 2.006644 2.556481 
2.409462 1.475911 2.559585 1.999527 0.670924 
2.148097 1.707531 2.372488 1.771354 1.187593 
2.289830 1.689433 2.712460 1.957791 1.558434 
2.259036 1.548731 1.068344 1.842136 2.316355 
1.650668 1.312253 1.207660 1.163212 1.613736 
2.531831 1.899211 2.514220 1.698056 1.621471 
1.733015 0.982345 1.318920 0.280659 1.832928 
0.847812 2.372277 1.060804 0.850670 1.790347 
1.324398 1.882416 2.708473 1.342691 1.435637 
1.573008 1.106712 2.361572 2.727281 1.958892 
2.429074 2.112808 1.810981 1.690827 1.369855 
1.277458 1.705955 1.458625 1.122221 1.282077 
1.190115 2.511009 2.425129 2.659454 0.876111 
2.417229 1.948202 2.263820 2.368201 1.235701 
1.191380 2.236988 1.698457 0.379315 0.743170 
2.401254 1.601917 1.824190 0.641916 2.268796 
1.203310 1.322504 0.256389 1.689646 0.915399 
0.143719 1.487598 2.080810 1.289198 1.418386 
2.074368 2.235485 1.679685 2.348250 0.114541 
2.428704 1.262875 2.806591 1.792657 0.855520 
2.017918 1.348564 2.126068 1.750114 1.207423 
0.803415 1.267663 2.563003 2.431558 1.612410 
0.981523 1.626870 0.480692 0.278015 1.908043 
2.207644 1.890534 1.258664 1.196608 1.349113 
2.498335 1.009233 1.080187 2.114982 2.064218 
0.398253 1.724611 1.904859 3.110000 0.741166 
3.018990 2.302727 2.923715 1.356244 1.092864 
1.341134 0.372181 1.576600 1.510990 1.647657 
1.130655 1.410187 1.196513 0.432685 2.832762 
2.026150 0.739133 1.983769 1.940021 1.980237 
0.490233 0.800631 1.039453 1.494233 1.754871 
2.183715 2.582467 2.004385 2.859361 2.114728 
1.803657 1.661105 1.825579 1.690706 2.440606 
0.913650 2.305294 2.020768 2.284488 0.512167 
1.200485 2.392940 2.083434 1.773288 1.835403 
1.100979 2.031217 1.173271 1.570087 2.439030 
2.342550 1.199425 1.113714 0.286305 1.166297 
1.456125 1.200767 0.425811 1.373093 0.999280 
0.596699 1.247264 1.221806 1.413782 0.436874 
2.310614 1.906979 0.442581 2.466544 1.329868 
0.418663 0.243558 2.603182 1.566136 1.200982 
1.463953 1.395895 1.177494 1.645570 1.421736 
2.594845 1.290612 1.797211 2.162866 3.047074 
1.579483 2.236188 2.842045 0.631440 1.073266 
1.681963 1.736144 1.021928 1.695614 2.237036 
1.415952 2.395908 1.943732 1.596966 0.498748 
0.519852 2.591890 1.343984 1.541295 1.318811 
2.401950 1.276130 2.391613 1.259963 2.059611 
1.809445 1.389373 1.224509 1.461916 2.861358 
2.254032 0.188102 1.422902 1.291661 1.379924 
1.540302 1.916239 1.778808 0.695192 0.996826 
1.371325 2.825788 2.919699 1.162654 2.057843 
1.077648 0.010465 1.047677 1.600890 0.866627 
1.322705 0.635080 2.661581 1.072244 1.821048 
2.755529 0.985560 0.830227 1.885817 2.561323 
2.158867 2.339282 1.769752 1.507529 0.897696 
2.734927 2.440630 1.419844 0.843671 2.202743 
2.120643 0.110895 2.074667 0.669532 0.804156 
1.967991 2.774222 1.145225 2.230356 1.552839 
2.846963 1.218061 0.892940 0.908958 1.607751 
1.495688 0.974361 1.905302 1.160895 1.719635 
0.862578 0.470752 1.460893 1.136259 1.816542 
1.269585 2.710847 2.330967 0.690845 1.111708 
0.394121 1.710650 2.397846 1.692434 1.636468 
1.751614 2.032648 2.029717 0.429338 0.916356 
0.356795 0.033301 0.463886 2.097744 2.977641 
1.681568 1.215255 1.577836 2.850677 0.845274 
2.470123 2.521280 0.675473 1.679118 0.620112 
1.462505 1.025269 0.887822 1.504811 2.667549 
2.672610 0.646202 2.354892 1.605509 2.616733 
2.023809 0.524253 1.556160 1.441430 0.925511 
1.274714 1.962281 2.700737 2.089861 1.128781 
1.221765 1.358637 2.351045 0.939117 1.233905 
0.783278 0.900693 2.601599 2.610813 0.674638 
1.028514 2.604850 0.789516 0.987577 1.192013 
2.130452 1.647721 0.509741 1.234606 1.651525 
0.683057 1.420992 2.792439 1.006632 1.884983 
1.350779 2.171126 1.279159 1.427521 0.921505 
0.390625 1.768543 0.117483 1.056535 1.674158 
1.780767 2.423740 1.505520 0.840945 0.582034 
0.861612 1.679178 2.055253 1.235766 1.007801 
1.232441 1.562886 0.836173 1.323472 1.655821 
1.460607 1.842500 1.252863 0.584338 2.035201 
2.430380 0.369919 1.164861 1.683942 1.307369 
1.837245 2.121886 1.981716 1.136619 2.702294 
1.585746 2.563474 2.427926 0.166298 1.864833 
1.012517 0.629709 1.780102 0.883733 1.877640 
2.057384 1.838996 1.041840 1.394281 1.591956 
1.216481 1.921339 0.784288 0.843622 2.319681 
1.933901 0.450229 2.513665 2.138812 0.765241 
1.855367 0.246848 2.782024 0.853566 1.537171 
