0.032142 2.310651 2.020573 0.463704 2.137302 
1.600854 0.415403 1.060300 1.490623 1.070249 
1.024077 1.247944 1.948433 0.916242 1.531442 
2.295422 1.619756 1.787869 2.161162 2.181714 
2.791467 1.910196 2.229007 0.479049 1.410244 
0.649130 1.233298 1.573576 1.449241 2.259363 
1.989908 2.442121 2.634509 1.270031 1.103093 
1.292974 1.128772 2.499505 1.160878 2.472484 
2.406121 1.565990 2.194986 2.006644 2.556481 
2.409462 1.475911 2.559585 1.999527 0.670924 
2.148097 1.707531 2.372488 1.771354 1.187593 
2.289830 1.689433 2.712460 1.957791 1.558434 
2.259036 1.548731 1.068344 1.842136 2.316355 
1.650668 1.312253 1.207660 1.163212 1.613736 
2.531831 1.899211 2.514220 1.698056 1.621471 
1.733015 0.982345 1.318920 0.280659 1.832928 
0.847812 2.372277 1.060804 0.850670 1.790347 
1.324398 1.882416 2.708473 1.342691 1.435637 
1.573008 1.106712 2.361572 2.727281 1.958892 
2.429074 2.112808 1.810981 1.690827 1.369855 
1.277458 1.705955 1.458625 1.122221 1.282077 
1.190115 2.511009 2.425129 2.659454 0.876111 
2.417229 1.948202 2.263820 2.368201 1.235701 
1.191380 2.236988 1.698457 0.379315 0.743170 
2.401254 1.601917 1.824190 0.641916 2.268796 
1.203310 1.322504 0.256389 1.689646 0.915399 
0.143719 1.487598 2.080810 1.289198 1.418386 
2.074368 2.235485 1.679685 2.348250 0.114541 
2.428704 1.262875 2.806591 1.792657 0.855520 
2.017918 1.348564 2.126068 1.750114 1.207423 
0.803415 1.267663 2.563003 2.431558 1.612410 
0.981523 1.626870 0.480692 0.278015 1.908043 
2.207644 1.890534 1.258664 1.196608 1.349113 
2.498335 1.009233 1.080187 2.114982 2.064218 
0.398253 1.724611 1.904859 3.110000 0.741166 
3.018990 2.302727 2.923715 1.356244 1.092864 
1.341134 0.372181 1.576600 1.510990 1.647657 
1.130655 1.410187 1.196513 0.432685 2.832762 
2.026150 0.739133 1.983769 1.940021 1.980237 
0.490233 0.800631 1.039453 1.494233 1.754871 
2.183715 2.582467 2.004385 2.859361 2.114728 
1.803657 1.661105 1.825579 1.690706 2.440606 
0.913650 2.305294 2.020768 2.284488 0.512167 
1.200485 2.392940 2.083434 1.773288 1.835403 
1.100979 2.031217 1.173271 1.570087 2.439030 
2.342550 1.199425 1.113714 0.286305 1.166297 
1.456125 1.200767 0.425811 1.373093 0.999280 
0.596699 1.247264 1.221806 1.413782 0.436874 
2.310614 1.906979 0.442581 2.466544 1.329868 
0.418663 0.243558 2.603182 1.566136 1.200982 
1.463953 1.395895 1.177494 1.645570 1.421736 
2.594845 1.290612 1.797211 2.162866 3.047074 
1.579483 2.236188 2.842045 0.631440 1.073266 
1.681963 1.736144 1.021928 1.695614 2.237036 
1.415952 2.395908 1.943732 1.596966 0.498748 
0.519852 2.591890 1.343984 1.541295 1.318811 
2.401950 1.276130 2.391613 1.259963 2.059611 
1.809445 1.389373 1.224509 1.461916 2.861358 
2.254032 0.188102 1.422902 1.291661 1.379924 
1.540302 1.916239 1.778808 0.695192 0.996826 
1.371325 2.825788 2.919699 1.162654 2.057843 
1.077648 0.010465 1.047677 1.600890 0.866627 
1.322705 0.635080 2.661581 1.072244 1.821048 
2.755529 0.985560 0.830227 1.885817 2.561323 
2.158867 2.339282 1.769752 1.507529 0.897696 
2.734927 2.440630 1.419844 0.843671 2.202743 
2.120643 0.110895 2.074667 0.669532 0.804156 
1.967991 2.774222 1.145225 2.230356 1.552839 
2.846963 1.218061 0.892940 0.908958 1.607751 
1.495688 0.974361 1.905302 1.160895 1.719635 
0.862578 0.470752 1.460893 1.136259 1.816542 
1.269585 2.710847 2.330967 0.690845 1.111708 
0.394121 1.710650 2.397846 1.692434 1.636468 
1.751614 2.032648 2.029717 0.429338 0.916356 
0.356795 0.033301 0.463886 2.097744 2.977641 
1.681568 1.215255 1.577836 2.850677 0.845274 
2.470123 2.521280 0.675473 1.679118 0.620112 
1.462505 1.025269 0.887822 1.504811 2.667549 
2.672610 0.646202 2.354892 1.605509 2.616733 
2.023809 0.524253 1.556160 1.441430 0.925511 
1.274714 1.962281 2.700737 2.089861 1.128781 
1.221765 1.358637 2.351045 0.939117 1.233905 
0.783278 0.900693 2.601599 2.610813 0.674638 
1.028514 2.604850 0.789516 0.987577 1.192013 
2.130452 1.647721 0.509741 1.234606 1.651525 
0.683057 1.420992 2.792439 1.006632 1.884983 
1.350779 2.171126 1.279159 1.427521 0.921505 
0.390625 1.768543 0.117483 1.056535 1.674158 
1.780767 2.423740 1.505520 0.840945 0.582034 
0.861612 1.679178 2.055253 1.235766 1.007801 
1.232441 1.562886 0.836173 1.323472 1.655821 
1.460607 1.842500 1.252863 0.584338 2.035201 
2.430380 0.369919 1.164861 1.683942 1.307369 
1.837245 2.121886 1.981716 1.136619 2.702294 
1.585746 2.563474 2.427926 0.166298 1.864833 
1.012517 0.629709 1.780102 0.883733 1.877640 
2.057384 1.838996 1.041840 1.394281 1.591956 
1.216481 1.921339 0.784288 0.843622 2.319681 
1.933901 0.450229 2.513665 2.138812 0.765241 
1.855367 0.246848 2.782024 0.853566 1.537171 
1.591982 0.381910 0.402043 1.198631 0.764720 
1.659253 1.912634 2.650250 1.666450 2.171583 
1.884712 1.470685 1.944167 0.666561 1.590707 
2.079496 0.353989 0.607158 2.149053 1.922335 
2.011522 2.367377 2.500490 2.233607 1.964105 
0.733506 1.790256 0.955352 2.212259 0.233113 
0.698630 2.465902 1.866521 1.459079 1.179489 
1.279043 1.848129 2.572285 2.212248 1.121927 
1.060189 1.005966 2.104953 1.228110 0.685696 
1.840349 1.507641 1.565108 1.950788 1.323191 
2.858486 1.210330 1.711624 2.134511 0.222998 
1.968016 1.581522 1.050393 0.670217 2.712705 
1.716186 2.148430 1.602656 2.305960 2.532880 
1.804387 2.831578 1.918278 1.508294 1.617447 
0.715196 1.659911 1.576191 1.779949 0.688422 
1.079079 2.468929 1.776398 0.815987 0.860049 
0.508840 2.104611 1.287651 1.584127 2.592697 
0.976077 2.728231 1.156842 0.492726 1.158083 
0.984211 2.232567 2.974964 0.814864 0.575999 
2.112777 2.239282 1.081314 2.306293 0.197231 
0.262686 1.251036 2.866694 1.024890 1.859662 
1.552763 1.072648 1.434529 2.006322 1.741591 
0.276162 1.842353 1.535032 0.811491 0.359009 
2.073973 1.614189 1.696445 1.814403 2.206615 
1.468979 2.081641 1.470432 0.736304 2.114769 
2.326476 2.169387 2.445642 1.049463 2.323232 
1.618106 1.480017 0.710622 2.878967 1.484726 
1.943316 0.954998 0.732593 1.073580 2.524102 
1.979263 1.293032 1.427175 1.131149 1.278055 
2.140103 0.338086 0.370023 2.000094 2.277629 
1.954368 0.248418 1.433583 0.810775 2.361904 
1.651001 1.353290 2.254611 1.890609 1.356289 
0.827942 2.249292 2.791821 1.966239 2.417994 
2.047902 0.725266 1.832763 0.662484 1.755860 
0.701683 1.270396 2.124718 1.513150 1.996034 
2.517270 0.517462 2.428957 1.876156 2.617836 
1.282423 1.175703 1.907255 1.825038 1.952207 
1.493242 2.502798 1.589769 1.920403 1.137955 
0.702242 1.786463 0.783445 1.643307 1.516657 
1.584177 2.053789 1.403867 2.657929 0.406089 
0.996988 2.725223 1.573930 2.680151 1.447380 
0.400865 1.328807 1.513508 1.163127 2.249361 
1.462589 1.232118 2.338574 0.456728 2.247656 
1.409067 0.792526 2.475542 1.211385 0.937146 
1.250032 2.947904 2.198719 1.294452 2.747869 
1.207432 1.206988 1.220295 1.779677 1.241694 
1.300807 0.391734 0.170954 2.500279 2.614381 
1.719315 0.464399 1.141037 1.637209 2.714871 
1.050472 1.206019 2.187265 1.775237 0.433857 
2.799920 0.512476 0.803959 1.239234 0.743917 
1.261153 1.665327 1.970931 1.871225 2.027189 
2.126933 2.811441 1.261777 1.132938 1.328573 
2.417532 1.665357 0.564861 2.431515 1.764385 
2.070789 0.979199 1.228467 2.812764 1.588133 
0.591470 1.150478 1.311499 1.413471 1.309521 
1.091876 1.284255 1.643442 1.340175 2.084101 
0.905407 2.143650 1.670003 0.725044 2.207381 
1.523356 2.414279 1.411315 2.067159 2.195013 
1.464922 0.791484 1.543604 1.454011 1.232058 
0.064053 2.269795 2.444202 2.612269 1.322836 
1.950919 0.676680 0.911001 1.711425 1.521385 
1.665587 1.306235 1.437210 0.408491 0.616158 
1.157318 1.819295 1.194377 2.219085 1.333782 
1.744212 0.866921 1.034267 1.152511 1.845656 
0.876852 1.043541 2.696245 1.513627 1.335124 
2.046669 0.925189 2.128986 0.630771 2.074185 
2.236137 2.918326 0.785792 1.326352 0.778847 
2.374293 0.729698 1.139906 2.523039 2.852487 
0.970032 2.792943 1.561575 2.562128 0.992035 
0.730030 0.707387 0.696568 0.730479 1.653446 
0.635799 1.474839 2.663824 1.387410 1.442562 
0.985723 1.992001 2.734543 1.775080 2.021335 
0.910397 1.556477 1.184995 1.581468 1.661830 
1.728489 2.742713 2.528040 1.784795 2.388027 
0.355992 0.897774 1.926307 0.392388 2.497155 
2.488405 1.966526 1.909894 0.772838 1.524937 
1.337691 0.272439 0.933569 2.217277 1.657497 
1.428374 2.177524 1.188700 2.029511 2.265972 
1.777264 2.310788 0.920725 2.554777 1.290603 
2.139199 1.409914 0.754542 0.524695 0.872666 
1.609625 1.294550 2.261374 1.632434 1.962158 
1.226408 1.109977 1.420518 1.515058 0.904011 
0.229566 1.930801 1.356364 1.024978 0.949689 
2.606341 1.469693 2.948437 0.965192 1.183066 
0.383993 1.537907 1.860474 1.606130 1.711339 
0.121629 1.367037 0.964280 0.344974 1.595090 
2.515198 0.288529 2.431413 1.307235 2.228757 
2.181979 2.899350 1.840720 1.896313 1.111215 
1.838932 2.850507 2.398861 1.396394 1.084665 
0.756460 2.383299 2.679555 1.759467 2.113772 
1.625923 0.731113 1.661482 2.599909 1.951827 
1.585151 1.066214 1.170635 0.262533 1.939604 
0.916744 2.674907 1.056054 1.974743 2.521521 
0.517491 1.054415 2.497930 1.114537 2.187676 
0.386608 1.049069 1.071003 1.550650 2.541732 
1.266061 2.559421 1.099725 1.505513 1.048800 
0.763336 2.766848 2.521380 1.255062 0.405169 
1.596685 0.767294 2.550642 1.118443 0.792824 
0.879197 1.123478 1.755395 1.294108 1.523101 
1.829598 1.868314 1.373419 2.506516 2.034534 
1.645880 1.314406 2.298678 2.001910 1.815170 
0.652598 0.572848 0.677775 1.661148 1.685694 
1.551617 1.824865 1.757978 0.307784 1.837957 
2.457516 2.112820 1.169343 0.379701 0.583212 
2.659883 1.262252 0.579047 2.628881 0.421156 
1.645847 1.650324 2.075083 1.710241 1.998887 
1.059707 2.601066 2.276857 1.705111 2.004875 
1.485649 1.263230 0.324859 2.247852 1.730589 
0.503099 1.112315 1.944478 1.089541 0.302177 
2.836828 2.077134 1.012530 1.666012 0.948088 
2.139753 1.912284 1.803631 1.164020 2.743306 
1.750962 0.511516 1.689127 1.538582 2.466794 
2.256278 1.595955 1.998990 1.347728 0.470831 
2.064298 0.194049 2.183389 0.652724 2.179617 
2.049941 1.652498 0.889642 2.546299 0.787985 
0.956597 0.854521 2.200443 2.474467 0.790310 
2.372712 1.191616 1.266895 1.572539 1.842241 
0.572171 2.195677 1.315942 1.873520 0.890719 
1.494288 0.329188 1.225256 0.364050 2.454072 
1.687884 2.825339 1.989080 1.935850 1.216480 
1.646787 0.202357 1.596075 2.455840 2.837580 
1.195540 1.816204 1.587550 1.069634 2.584153 
0.921184 1.964924 3.014104 2.445699 1.172957 
2.267165 2.526456 1.871587 1.073413 1.545220 
1.116354 0.864657 3.075349 0.904715 1.896725 
1.370223 1.687245 1.676420 2.065478 1.736181 
2.036949 1.724059 0.631473 1.309330 1.445034 
0.626533 0.986998 2.178657 1.483420 1.189054 
3.032433 2.245177 1.232933 1.052304 1.501477 
1.092936 1.379858 1.646749 0.800122 2.635924 
1.069231 1.459622 2.468170 1.685057 0.975336 
0.097441 2.072113 2.044515 1.704589 1.047197 
0.456740 0.557703 1.846092 1.677824 1.602895 
1.366083 1.873305 2.160454 0.673140 0.789395 
2.816828 2.267372 0.984680 0.988966 1.613037 
2.457928 1.419421 1.904423 1.533673 2.640374 
2.215660 2.242057 1.873568 2.182992 2.431120 
2.372217 1.500772 1.430148 1.674465 2.582033 
1.604029 0.713222 0.544120 2.305419 1.964100 
1.499055 1.884548 0.950295 2.134696 0.977075 
0.385676 1.177605 2.267018 1.955494 1.358109 
1.901119 1.875331 2.291341 1.025980 1.009027 
0.307198 2.398054 2.383265 0.690711 1.920714 
1.931947 0.932870 0.984022 2.683417 0.866645 
1.400391 2.870781 2.615182 1.440542 2.974173 
1.238061 1.611017 0.652551 2.325460 2.497801 
2.882243 1.724159 0.978287 2.305960 1.535740 
2.809022 2.650542 1.264174 2.169080 1.770142 
2.336704 2.617900 0.567879 2.202266 1.739978 
2.563349 1.416430 2.587460 1.355223 2.405868 
1.696179 1.513864 0.322953 1.989313 1.296446 
2.249518 0.353537 2.109230 0.870653 2.503288 
0.085374 1.780689 1.236660 1.478511 2.379042 
0.932439 2.714334 0.875677 1.829535 1.377445 
1.046414 1.531921 1.866267 1.428518 1.991032 
0.522330 2.515028 1.587115 1.944902 0.353609 
2.434283 1.477735 0.871031 1.782231 2.119486 
1.006020 1.501963 2.281747 2.470431 1.541966 
1.619174 1.422357 0.499418 1.058546 0.807723 
0.806493 1.891890 2.299605 0.799151 0.262918 
2.711215 0.999696 2.131953 1.082345 1.196657 
1.640431 2.194637 2.505169 0.323411 1.162540 
1.767185 1.543633 1.119195 1.388675 1.533275 
2.512839 2.444846 1.118479 1.124850 1.855214 
2.629562 1.686271 1.537082 2.849540 1.217034 
1.974957 0.851146 0.258212 1.626898 1.583568 
1.598510 0.475311 1.144407 0.773883 2.406695 
0.489970 2.099189 0.463476 1.546428 2.530230 
1.634172 2.466104 2.583517 1.710228 0.942205 
2.234630 2.111026 0.936199 1.570952 0.673293 
0.732991 1.325193 1.252666 1.851118 1.688717 
1.442035 1.566115 0.371640 1.906936 0.970943 
1.252343 2.049150 2.662848 2.202599 0.976747 
2.608349 2.013832 2.049374 2.294915 0.969335 
0.324240 0.984174 2.369786 0.813089 1.181463 
3.034076 1.898281 0.878954 2.856587 2.286952 
1.593169 1.124336 0.655486 0.584573 1.193862 
2.187587 1.821075 1.334419 2.401880 1.168472 
2.500940 1.443260 2.040213 2.134569 1.780403 
1.206941 1.459193 1.209516 1.408298 1.323318 
2.744796 1.733258 0.949719 1.401162 0.689850 
2.463917 2.292494 0.466293 0.580468 2.532145 
2.049109 2.895153 0.435318 0.792987 1.945288 
2.191743 0.251056 2.165698 1.458056 2.626049 
0.599137 1.768332 1.656578 1.328126 2.123225 
1.772210 1.478214 2.469628 1.308568 2.799807 
1.953977 0.139289 2.272553 2.782665 1.842671 
2.631133 1.476511 2.716499 0.484109 1.244368 
1.253152 1.469463 1.355774 1.358298 1.530305 
2.370696 1.934205 0.865889 2.586945 0.823091 
0.637427 1.400133 1.870111 1.368955 0.408424 
2.097674 1.497816 2.492050 0.517642 1.368573 
0.824057 0.752224 2.535850 0.794872 1.882544 
2.242854 2.214494 1.608112 1.778804 0.437420 
2.302821 2.210464 1.112440 1.335829 2.978119 
1.891536 0.768266 1.278170 2.942478 1.761091 
1.080475 1.660932 1.776373 1.571382 0.687543 
1.289630 1.910545 2.349079 0.923370 2.143116 
0.588718 1.484931 0.972251 1.689280 1.018594 
1.842083 2.008836 0.584039 2.608843 2.175769 
1.504446 1.301880 1.455648 2.638510 2.348855 
2.678705 0.409396 2.014822 0.653603 1.218422 
1.622546 1.421190 1.492949 0.348476 0.306686 
1.868621 1.421769 2.522726 2.052149 2.124263 
1.660099 2.539916 1.187700 1.902584 0.620057 
2.099124 2.050528 2.326139 0.849369 1.835718 
1.759961 0.720320 1.296377 2.123659 0.687804 
2.123492 1.836607 2.300197 2.904196 0.976286 
1.225080 2.428402 2.576073 2.461713 1.267327 
0.790947 1.124439 0.723681 2.642668 0.560761 
2.349499 2.668219 1.339899 1.381479 2.263496 
2.125861 0.919003 0.214204 1.769490 2.167125 
1.469594 1.763161 1.588453 1.870240 2.291758 
1.972544 2.123420 1.296496 1.983984 2.854884 
0.822690 2.053110 2.119697 1.067608 0.322349 
1.996457 0.723574 0.660033 2.458734 1.720891 
1.126257 1.076356 2.540303 0.559287 0.132882 
1.928944 1.485609 2.580233 0.885496 1.432964 
2.848684 0.535221 0.958746 1.126664 2.176646 
2.650886 1.805805 1.240682 1.962806 2.714440 
2.826268 1.392382 1.138848 0.487673 2.058202 
1.543891 0.894824 1.534681 0.913938 1.570329 
2.824541 2.185959 1.498021 1.996027 1.382016 
1.774021 1.385334 0.814957 2.173575 1.376537 
2.981796 0.591185 1.244005 1.003267 0.761673 
1.530027 1.453681 2.092428 1.114632 2.121734 
1.819652 1.168766 1.683014 0.877843 2.755163 
1.745801 1.366653 1.457651 1.495276 2.023532 
0.445435 1.725621 1.436854 1.737001 1.870348 
0.357438 0.906225 0.132767 0.691093 1.723624 
0.742942 2.317238 2.169342 1.066321 0.210874 
1.218644 2.312337 0.985777 1.394170 0.558441 
0.973950 1.538949 2.263394 2.049442 2.277233 
0.509362 0.739277 0.977467 0.236079 1.531880 
1.021314 1.208826 1.612145 0.144954 1.885385 
1.805039 2.605075 2.989998 0.765703 2.434864 
0.541193 0.842696 1.136368 1.352016 0.866852 
1.200034 2.109644 1.162372 2.064401 1.710952 
1.404358 1.145970 2.366442 1.636017 1.310158 
2.221008 0.904454 2.285330 0.807955 2.418481 
1.655000 1.710959 1.529199 1.711349 0.229405 
0.557581 1.608689 1.143906 2.410661 1.672387 
2.049951 1.145674 1.190803 2.333886 1.264072 
2.293018 0.522270 1.058028 2.462030 2.099012 
2.405866 1.398097 2.879865 2.307474 1.344761 
1.094859 1.310632 2.172929 1.829265 3.065922 
1.835280 2.059588 1.579271 1.123115 0.752119 
1.725079 1.284469 2.845351 1.275368 1.842301 
1.993204 1.464563 0.871247 1.545793 1.442759 
2.402733 2.032026 0.929642 1.684488 2.761223 
2.056750 1.650734 1.424807 2.648544 2.809096 
2.031844 1.809670 0.834737 1.413951 1.871548 
1.045981 0.503939 2.611049 2.330904 1.029309 
1.784432 1.006550 0.869542 1.479258 2.068947 
1.743919 0.201487 1.073270 0.663077 1.640508 
1.002920 1.290457 2.148515 2.280658 1.663157 
2.380994 0.716093 2.230423 1.778900 1.172101 
1.793788 1.050734 1.366031 2.495750 0.931914 
1.802462 2.641898 1.290127 0.724375 2.023016 
1.231375 1.180026 2.048197 1.813158 1.474940 
2.179926 2.750868 0.313393 1.326605 1.709056 
1.864415 1.257748 1.768802 1.193022 1.369064 
0.851179 2.199664 2.061572 1.765471 1.218950 
3.135047 2.416791 0.487127 0.801336 2.021080 
1.039011 1.281827 1.766342 1.797243 2.509484 
1.175993 1.705934 2.171323 1.294430 2.290638 
1.744043 1.319349 2.893980 1.122750 1.874656 
2.407142 0.511362 1.818750 1.490989 2.237330 
0.928577 2.181277 0.752470 2.877735 1.516784 
0.517200 0.959705 1.595725 1.625419 2.299122 
1.316374 2.576079 2.074176 1.947346 0.857395 
2.742419 1.594069 1.031593 1.531130 1.517547 
1.389913 2.070961 0.774433 3.037506 0.796693 
1.479026 1.585895 0.899943 2.757077 1.150020 
2.007150 1.853878 1.314599 1.467542 1.153570 
1.523959 0.489588 0.543987 0.823677 1.192834 
1.662580 1.714926 0.619140 0.567299 0.834080 
0.995039 2.189505 1.837041 1.729356 0.525451 
1.468285 1.137070 1.277758 0.449628 1.490509 
1.622248 2.179389 1.764699 0.323994 0.906058 
1.898068 1.661537 0.909213 1.692446 1.906230 
2.269311 0.887283 1.505514 0.706950 2.057743 
0.995941 0.100380 1.325575 1.659462 0.205063 
1.994366 2.399925 0.166350 0.524223 1.044663 
1.267322 1.022797 1.434502 0.868216 0.208718 
1.879264 0.486880 1.674346 2.376164 2.494874 
2.460462 2.036328 1.884616 1.151551 1.928446 
2.383689 0.999777 1.895374 2.890015 0.835426 
0.677927 1.684712 1.149026 1.788467 1.034254 
1.094941 3.033259 2.362261 2.280831 1.334266 
0.339105 1.505476 1.503889 1.313183 1.138925 
2.285223 0.714638 1.888843 0.608059 1.273929 
1.611355 2.238976 0.570045 0.468778 2.503401 
2.673607 1.817905 0.162972 2.280710 2.367387 
0.995390 1.425304 2.099254 1.730480 2.650660 
2.047605 0.688276 2.668730 2.285717 1.879517 
0.871541 1.146768 1.987807 1.342910 1.198841 
0.709825 1.748003 1.002138 2.454996 0.288752 
1.772906 0.244490 2.308107 0.276046 0.955765 
1.508863 2.181332 2.244831 1.867446 1.294270 
0.743810 1.907117 1.922564 0.963957 1.474205 
2.694496 1.735978 3.037840 2.363738 2.523153 
3.063325 0.994371 1.856787 1.443926 1.046576 
0.778309 2.167690 2.232778 0.204485 2.073816 
0.799235 1.437940 0.403808 1.863247 0.672911 
2.199130 1.590643 2.359183 1.558590 0.413163 
2.636025 2.277335 1.667794 2.363893 1.796099 
0.747423 1.407208 2.378217 2.491967 0.438133 
1.229463 1.194640 1.930289 2.557241 2.711412 
0.566721 0.635930 1.308826 1.693305 1.697984 
1.859672 0.719918 1.225055 1.230162 0.526753 
1.386970 2.426973 1.386863 0.999191 2.674906 
2.169853 1.586881 2.628470 1.243837 1.790784 
1.812907 0.981024 2.359595 1.928019 0.525479 
1.780489 1.420413 0.858455 1.395251 0.175850 
1.927367 1.815673 2.094667 0.775368 1.908583 
2.037702 0.858498 1.276901 0.912840 0.918888 
2.404912 1.570779 1.123085 2.234317 1.422562 
0.178190 1.917528 1.897538 1.463653 0.579325 
1.605369 2.332424 2.315883 2.566907 1.258048 
1.512988 0.806343 0.606079 1.605859 1.372290 
0.546344 2.416794 0.223447 0.516079 2.554479 
1.826828 1.037178 1.456022 1.708446 1.294687 
0.531714 2.194215 2.518355 2.360555 1.713066 
1.885787 0.683971 0.620943 0.503598 1.749189 
1.143535 1.189013 1.580680 2.311306 2.020975 
0.227793 1.427895 1.138039 0.644884 1.424754 
2.116772 0.456555 1.566794 2.067548 1.278638 
0.812225 1.449626 1.196739 2.097174 0.632350 
1.383880 1.066408 1.241216 1.087480 1.783460 
0.611076 0.761849 1.900328 0.906177 2.075665 
1.763173 0.335677 1.451656 1.306313 2.535893 
0.264122 1.814472 2.132971 1.632662 2.281059 
2.675155 2.531166 0.281176 1.430593 2.760148 
0.477829 1.296715 1.732518 2.380933 2.817095 
0.560036 1.367110 1.886566 2.546972 0.897318 
0.457599 2.148111 2.500759 2.335759 1.819597 
1.151851 1.077304 1.432251 0.666650 2.095885 
1.167385 1.409062 1.992916 0.720323 1.744659 
2.411622 1.936501 1.494479 1.261184 1.864085 
1.489916 2.923214 2.547433 2.454174 0.387658 
1.878517 2.067842 2.095890 1.270662 0.975540 
2.711659 0.865804 1.051849 2.592986 1.759710 
2.328014 0.492282 0.854156 1.120785 1.792338 
1.722634 1.540035 1.602363 1.878857 0.616208 
2.368091 1.951668 1.810930 2.810524 1.940288 
1.221550 0.902606 1.885876 0.827975 0.472297 
1.948373 1.025496 2.407305 2.189426 1.726787 
1.437140 2.000547 0.578977 0.801061 1.182426 
1.591884 1.793945 0.614956 2.704406 1.239775 
1.963541 1.475362 2.254431 1.660400 0.946628 
0.882836 0.821410 1.657538 2.182804 2.233573 
1.939415 0.997325 2.400056 2.095876 1.612148 
1.882652 2.062609 2.271298 2.151235 1.516875 
0.901398 2.221084 1.617142 0.605214 0.677273 
2.125112 1.371784 1.551161 1.892003 0.619740 
1.653090 1.007040 1.993062 1.229215 2.757540 
2.196862 0.689627 1.616000 0.960756 1.031098 
1.681889 0.406506 0.563822 1.316321 2.062826 
1.600818 2.566550 2.636027 2.146669 1.751725 
2.100101 1.594634 1.729940 1.944603 2.797876 
2.051844 1.736189 2.012679 1.360663 1.855266 
2.463072 0.655676 1.909990 2.316965 0.491115 
0.747792 2.827036 1.826522 0.831070 2.472332 
0.873872 0.785563 1.874321 1.825483 2.229102 
2.974208 1.316493 1.648148 0.958397 2.421981 
0.132344 2.319662 1.997826 1.993187 2.281862 
1.103035 2.307853 1.379822 0.589836 2.548262 
2.832734 0.926436 1.432818 1.282343 1.365601 
0.730974 0.772158 2.076729 1.462548 2.662066 
1.699881 0.567219 1.731331 1.982699 2.137193 
2.167583 0.993529 2.264375 2.543101 3.034831 
0.990967 0.862989 1.100513 0.928524 2.195152 
2.423740 2.624624 1.987482 1.460371 0.993863 
2.433410 1.211892 0.795199 2.000812 0.203200 
0.844764 1.765219 2.014250 0.897670 1.462606 
1.693672 1.017935 1.101411 2.653850 2.428811 
0.923640 0.882554 1.042276 1.228536 0.257513 
2.100401 0.297449 0.634836 1.009380 1.921127 
1.770637 1.705884 1.111150 0.755241 0.767753 
2.621564 2.158808 2.758697 1.032036 2.609020 
0.954817 2.322640 1.218911 2.507094 2.979158 
1.216566 2.136289 1.623195 2.133672 1.252011 
1.452962 2.669143 2.291866 1.331588 1.233203 
1.912239 1.007266 0.171909 0.941007 2.548288 
2.746423 0.917480 1.476164 2.219862 2.750720 
1.805501 1.166058 2.641102 1.812110 1.349793 
1.089693 0.942861 2.576663 1.205336 1.479902 
1.797729 2.056429 1.004298 2.648479 0.745464 
2.167292 1.307009 2.228353 1.031610 2.146119 
0.896359 1.456217 1.929646 1.253838 1.840812 
1.454448 2.951186 1.424857 0.261456 2.123848 
0.842622 2.425970 1.969200 2.373402 1.018240 
1.359450 1.880059 0.986485 2.042190 1.330008 
1.455203 2.616047 1.360116 2.232667 0.914161 
1.936692 1.601874 1.813460 2.367633 1.219485 
1.593356 0.839966 1.270927 1.492089 0.701816 
2.477263 1.930626 2.387866 1.915675 2.511397 
2.409837 1.667176 0.667753 0.419886 1.872659 
2.759434 0.785783 2.065698 0.991871 1.402671 
1.847038 1.875241 0.444940 1.944304 1.780398 
1.629167 2.558818 2.271383 1.595468 1.878554 
1.500009 0.397745 1.769639 0.664095 0.624172 
1.867585 1.348831 1.250190 2.137541 1.496693 
2.305607 1.471540 2.807305 0.808701 2.342454 
0.472679 0.780016 1.984339 2.080988 0.596858 
1.686876 0.747807 2.255869 1.885018 1.999173 
1.941092 1.853973 1.838532 1.755453 1.139263 
2.993538 2.879291 0.347267 2.256716 0.632203 
1.428787 1.750765 2.826807 1.011886 1.597666 
0.826395 1.185761 1.147383 1.089644 2.789471 
2.730948 2.672770 2.230003 0.905223 1.159809 
1.060681 2.305296 1.798201 0.972103 2.187603 
0.653605 2.816287 2.066128 2.964059 0.770682 
0.930884 1.932676 1.441629 2.465449 1.731297 
2.578628 0.437181 1.400748 0.912274 1.507480 
1.046074 1.918599 1.272430 2.742327 1.824836 
1.066944 2.404462 2.019722 0.591964 1.845889 
0.467360 1.261508 1.938240 1.562244 0.449350 
2.076978 0.886934 0.904991 2.225018 2.054816 
1.757238 1.202969 0.314455 0.969204 1.462587 
1.065681 0.795146 1.829588 0.700701 2.812373 
0.851845 1.331629 0.538372 0.593406 2.919709 
0.452996 0.849601 1.066392 2.069506 1.053736 
2.779121 3.073762 2.267513 1.695696 1.770156 
1.774505 1.798327 0.592478 2.662392 0.860492 
0.914757 0.631224 0.125661 1.775908 1.887692 
2.312139 2.095431 1.966530 0.991444 2.540786 
2.192889 0.864229 2.091256 1.204768 1.799367 
1.570175 0.599850 1.990741 0.752191 1.975125 
1.857272 1.776605 1.455817 2.264529 1.704635 
1.363372 2.052839 2.760381 1.637494 0.471160 
1.638570 2.650482 0.995521 0.811071 1.629927 
2.726354 0.257549 1.855386 2.226942 0.478475 
2.250783 2.749676 0.473446 1.702661 1.601498 
1.595277 1.066470 1.942967 2.365830 0.806105 
1.921286 2.411028 1.107784 1.605127 2.237824 
0.660884 1.579534 0.741656 2.019887 1.821294 
1.844881 1.751492 1.778121 2.499488 2.218588 
1.491339 2.060851 0.479565 2.105149 1.725673 
2.306942 0.638596 0.450848 2.366688 2.235848 
2.029600 2.740822 0.473825 2.176606 1.778213 
1.350952 1.028164 2.710117 2.109278 1.379798 
0.626629 0.602780 1.630363 1.486713 2.881355 
1.369647 2.635795 2.481117 1.540698 0.787649 
1.686384 1.689449 1.031257 1.710142 2.237093 
2.405123 1.834436 0.877370 2.240143 1.404097 
1.275915 1.503751 1.026883 1.140585 2.480472 
0.425842 2.083032 2.032208 0.899094 1.489053 
0.913405 2.402057 1.623843 2.193079 2.399923 
2.405244 1.443124 2.048597 1.336560 0.984378 
1.219773 0.429686 1.088934 0.925213 1.155951 
0.913242 1.615684 1.955276 2.271240 0.833781 
2.790600 2.473263 1.670455 0.454074 2.698860 
2.440542 1.584435 2.919229 2.214210 2.576275 
2.031932 2.135196 0.936803 1.420611 0.359355 
0.335526 1.083450 2.696601 2.109728 1.480770 
2.142873 1.393400 0.677892 1.496915 1.548033 
0.714067 2.943675 1.800694 1.562979 1.642886 
2.229680 1.359530 1.584886 1.763126 1.153994 
1.218548 1.976516 0.521716 1.018628 3.022198 
0.924025 1.473729 0.480313 2.015963 1.435464 
1.912154 0.567593 1.617931 1.486918 1.105023 
1.631207 2.532872 1.215438 1.069247 1.289789 
0.811569 1.777147 1.740962 0.938012 1.058146 
2.206770 1.935632 0.590450 0.603857 0.935379 
1.772627 1.162636 1.360854 1.230562 1.712160 
2.950789 0.506691 1.456774 0.672926 0.385106 
2.769383 1.119828 0.519198 1.702129 1.773317 
1.126717 0.689463 1.190752 0.238645 1.269048 
0.708316 1.001733 1.727934 1.376695 1.125055 
1.293563 1.999583 1.781644 0.718584 2.395135 
2.245558 0.653725 1.341142 1.359556 2.365174 
2.831237 1.668958 1.227787 1.853677 1.110090 
1.383406 0.814993 2.440532 1.583008 1.656309 
2.226888 2.181575 1.442117 1.277869 1.602498 
2.233749 1.380091 1.324600 1.343106 2.259138 
1.265996 2.148915 1.198494 1.045386 1.644350 
1.371497 1.637293 0.259546 1.352823 2.902063 
1.964442 2.076730 0.996141 1.189858 1.814500 
1.733854 0.808111 0.636715 2.372717 0.875882 
1.435196 0.154398 1.080151 2.279881 0.752422 
1.861050 0.490898 1.587181 2.658611 1.850802 
1.164195 0.900874 2.368412 1.964288 2.804183 
1.211545 1.770905 2.171858 1.685699 0.786678 
2.654939 2.488701 1.380845 1.224418 1.064832 
2.374587 1.980906 1.550060 2.024340 0.733717 
1.845766 1.557792 2.694866 1.246035 1.732154 
0.891130 2.934478 1.841172 2.382944 0.743775 
1.877848 2.073287 1.288952 2.119710 2.166433 
2.432013 1.348712 2.552528 0.860400 1.568326 
0.938102 2.548006 0.229343 1.194082 1.448789 
2.854856 1.739143 0.911247 1.205135 1.967440 
0.835795 2.342297 2.558850 1.266328 1.644334 
1.828333 1.533814 1.827974 0.900096 1.593885 
0.801264 1.015474 1.831305 0.509903 3.021034 
1.345594 1.025104 2.252813 1.374484 1.265535 
1.940395 2.305946 1.800312 0.451969 2.239240 
0.608888 0.555768 1.733959 1.413766 0.841148 
0.199528 1.434501 0.773376 2.125547 0.540119 
1.704173 1.454702 2.366820 2.374684 0.924814 
1.092740 2.082305 2.458103 1.213403 0.160013 
1.797415 1.478220 2.411801 0.724301 1.673483 
0.154362 1.889804 2.363995 0.977834 1.897720 
1.667301 2.655249 0.865861 1.335223 1.000091 
0.233819 2.035248 2.051749 1.397576 2.538501 
1.467572 1.284004 1.835399 2.288462 1.948248 
1.509287 2.074417 1.493753 2.034875 1.372783 
0.791912 0.696128 1.334207 0.777273 0.800155 
2.609148 1.260161 0.358447 2.656568 1.755399 
1.189890 0.819238 1.582634 1.121428 1.062108 
1.835401 2.889608 1.191496 1.942393 1.583148 
0.390682 0.869866 0.981277 0.576161 0.304274 
0.747535 0.791712 2.337370 1.793338 0.576417 
0.759402 2.006943 0.744467 1.967127 2.199708 
2.650304 1.636304 0.214196 2.103871 2.385515 
3.008375 2.608218 1.313893 2.437206 0.947246 
0.521687 2.817128 1.729358 2.146389 1.677285 
2.088186 0.825794 1.781408 1.155916 1.597835 
2.563627 2.390725 2.786883 1.654905 1.248424 
1.595210 1.315001 1.947115 2.026169 1.324444 
0.385341 1.031688 0.986748 1.867888 1.901961 
1.942107 1.456469 0.939072 0.756118 1.098195 
0.982266 0.893801 1.494474 1.737926 2.003681 
1.098828 2.266100 1.603536 2.858374 1.612315 
1.108134 2.140018 1.804028 1.632070 0.889805 
0.567214 1.001573 1.815075 1.008373 2.422647 
1.409379 2.055814 1.286173 1.576170 0.415992 
0.933404 1.345547 1.467406 1.550497 1.069409 
1.866453 1.616050 2.642248 2.202464 2.933210 
1.351301 0.564369 0.696192 2.222738 0.676538 
1.746648 0.910335 1.843374 2.705626 1.888506 
1.356469 0.486762 2.164891 1.073849 2.371297 
2.004813 2.265742 2.491543 0.605337 1.573893 
2.430294 2.413593 2.262748 1.504225 2.421085 
1.326389 1.052660 2.102283 0.936254 1.812064 
1.722450 2.929905 1.714186 1.921682 0.386616 
0.735271 0.884115 2.678752 0.693478 0.805134 
1.982105 1.507324 0.298436 1.232164 1.040387 
1.810052 1.670774 2.473377 0.500762 1.450018 
1.863920 0.385632 2.485666 2.540169 2.030177 
0.924083 0.663844 1.535657 1.500828 1.023105 
1.076886 1.596226 0.915709 2.174119 2.555916 
2.217123 0.784494 1.161919 1.104872 1.144015 
0.894961 1.782954 1.407288 0.479979 0.653121 
2.308382 2.301223 2.129089 2.598562 0.983863 
2.461978 0.995052 2.394155 1.105723 0.724834 
1.465921 1.361091 1.466317 2.614329 1.566198 
0.939719 0.886001 1.734568 2.361889 1.663710 
2.022926 1.440803 1.513760 1.472033 2.549991 
1.306575 0.389023 1.324836 1.377109 0.449684 
1.830984 1.540100 1.314898 1.211874 1.490215 
1.466748 1.911197 2.382407 1.449333 0.631013 
1.608830 1.566453 1.443193 1.942762 1.604608 
0.767735 0.857481 2.244069 2.050751 1.246899 
1.826148 2.767855 2.241003 1.688972 1.768262 
2.765550 0.455897 1.948855 0.457469 0.981903 
1.072434 1.001136 2.202010 1.175360 1.058069 
0.572996 1.194783 0.763664 2.695821 1.389747 
1.425830 1.307132 1.891733 2.798732 1.161789 
2.895716 0.092765 0.148986 0.784702 2.375693 
0.923894 2.003752 2.896079 1.333262 1.006192 
1.363289 1.412859 1.859786 2.407139 1.320262 
1.439513 0.294521 1.571829 2.125371 1.667824 
1.555847 0.778330 1.452380 0.594020 2.546699 
2.068233 2.372601 0.393472 2.326389 0.382183 
2.668565 1.453221 1.905312 1.089003 1.990728 
2.200803 2.140829 1.888576 0.324899 2.734155 
1.585675 1.220940 0.699685 1.023268 1.773110 
2.130103 1.988241 2.067689 1.200694 0.805207 
1.137875 1.036484 1.897973 2.093992 0.719974 
1.133439 0.832365 1.127540 2.457617 1.733132 
2.568476 1.367118 0.350771 0.266161 1.850496 
2.237602 0.859386 2.311871 0.977523 1.058933 
2.199688 0.543731 2.968423 1.697322 0.603806 
2.059330 1.161629 1.580278 2.101458 2.035779 
2.842880 0.690755 0.953874 0.736887 0.634772 
2.568414 2.583895 1.548325 0.459103 0.736775 
0.732772 0.904168 2.916523 0.494929 1.529429 
0.336096 0.756587 0.442201 2.128688 0.842128 
2.166467 0.795525 1.939950 0.632662 1.058724 
1.795868 2.018239 0.461158 2.138212 0.711497 
2.566608 1.398112 2.874647 1.164431 0.840797 
1.195508 1.377641 1.267883 2.258796 0.178213 
1.716882 1.174170 1.893923 1.958320 2.557638 
0.252710 0.768366 0.262950 2.507456 1.629807 
2.466576 1.683323 2.007342 1.751860 0.716975 
1.616438 2.245204 0.796858 1.853363 0.945629 
1.064124 1.201714 1.705150 0.792505 0.786485 
2.383844 2.703545 1.905719 1.531072 0.419304 
0.530591 2.461447 0.946153 2.359571 2.130615 
2.350453 2.741319 1.874808 2.125538 1.459739 
1.433528 1.391856 1.692922 1.412497 1.339706 
2.855868 2.429970 1.291619 1.865009 0.770374 
1.370616 0.577074 2.907193 2.353683 1.353724 
0.986914 2.855988 1.388406 0.628592 2.465608 
1.252952 1.832023 2.116047 2.204956 1.039457 
1.331548 2.487293 1.070834 1.293765 1.790530 
2.070470 0.615115 0.978074 1.956357 1.040578 
1.868489 1.680471 1.709146 1.236750 1.620006 
1.597973 1.275650 0.393159 1.138504 1.026797 
1.625234 2.492977 1.997257 1.367902 1.435511 
2.324335 1.301225 1.590708 1.973485 2.583813 
1.771156 1.979568 0.547571 2.429042 1.362816 
0.518024 0.301037 1.622255 0.511764 0.853164 
2.386874 1.329621 2.254084 1.035273 2.864556 
1.853821 2.183918 1.508736 1.607870 1.791214 
2.853076 2.695332 0.325929 2.609435 1.064691 
1.715890 1.437432 1.543436 1.559938 1.265011 
1.433103 1.640714 0.891501 1.186139 0.147550 
1.405758 0.380370 1.542981 2.718131 1.992910 
0.901042 1.481653 1.433393 2.521820 2.360104 
1.511798 1.513257 0.462037 1.584927 0.540873 
1.913161 3.022783 2.409844 2.051316 1.783262 
0.587355 2.180309 2.550757 1.859008 1.416421 
2.451741 0.931819 0.812069 1.671841 1.040476 
2.177325 2.199654 1.998861 1.677563 1.564410 
0.378030 1.852288 0.110628 0.799920 3.032004 
2.005064 2.933957 0.902755 0.850272 1.760665 
2.012977 0.613113 2.063033 1.571016 2.362930 
0.206440 1.748597 0.429204 2.178127 1.891367 
1.123525 2.013749 1.960315 1.260484 0.269925 
0.845731 1.083627 1.334497 1.432976 2.452564 
0.988504 2.206106 1.932694 0.681551 2.033739 
0.867729 2.708490 1.020806 0.350402 1.715391 
1.696695 1.659946 2.480006 1.865300 1.228229 
1.263714 2.417918 1.818511 0.565524 1.463268 
1.386678 0.970932 0.788252 1.934303 1.633790 
0.235507 1.788630 0.859066 2.586059 0.733612 
2.705323 2.005591 1.471370 1.452521 1.523605 
0.564011 0.741523 1.539601 1.385111 0.571709 
2.146521 2.696085 2.430939 2.902666 0.641488 
1.981140 2.168072 0.829735 1.414376 2.294092 
1.759620 1.360673 1.478111 0.632044 1.280465 
1.357296 1.110680 1.193361 1.121460 2.493293 
2.167194 1.897818 2.756006 0.496619 1.396589 
0.533376 1.793688 0.856192 1.188923 1.008936 
0.647487 0.600987 0.699204 0.515875 0.781298 
2.611298 1.939931 0.425526 0.984934 0.655390 
0.535552 0.385328 1.974025 2.735096 1.657990 
0.356636 2.234375 0.535372 1.423729 1.895838 
1.133607 1.885458 0.709851 0.222442 1.725278 
1.147860 1.770038 1.380349 0.978314 0.187758 
1.150141 1.510860 2.483243 2.348401 2.214449 
1.533578 2.045020 2.553521 2.097920 1.995074 
1.167577 1.423821 0.440704 1.061537 2.664653 
0.694571 1.392276 1.369602 1.070388 2.422405 
1.813932 3.045492 1.291468 1.989494 2.244378 
1.790924 2.796016 1.362492 0.367012 2.929545 
0.358938 1.883756 1.389490 0.999727 2.282244 
1.620790 0.320841 2.014613 1.323928 1.392885 
1.761189 0.550246 2.660026 0.835346 1.944309 
2.235671 1.472771 1.882663 1.998100 2.030402 
1.402562 1.836775 0.744430 1.439260 0.984980 
2.034794 0.761697 0.505693 1.132369 1.064494 
0.561125 1.032569 1.350391 1.860160 1.368312 
0.722884 2.562728 1.656495 2.290855 0.606114 
1.522647 0.765451 0.476364 1.026988 0.212482 
2.025452 2.728328 1.295844 0.909485 2.404066 
2.010110 1.763084 1.890905 2.259377 2.047835 
1.795313 2.414770 2.594429 0.876990 2.355322 
1.296020 1.908202 2.660815 0.529517 1.566129 
1.097171 1.456004 1.461815 1.713684 2.664487 
0.779720 1.896351 1.548991 2.085786 0.494113 
0.847878 2.504543 2.163398 0.509685 1.578532 
0.690032 0.567356 1.975723 1.776426 1.864239 
0.918124 1.054138 0.256928 1.315324 0.801384 
1.737629 1.558624 1.918341 1.919631 2.366141 
1.557197 1.404737 2.373208 1.724352 2.714891 
2.227705 1.951553 2.182920 1.602652 1.335672 
1.870480 1.003722 1.714043 2.039249 2.383981 
3.072163 1.192650 0.534311 1.605844 2.319122 
0.877956 0.075773 1.084093 2.778726 1.307134 
1.092271 1.377216 2.601499 2.231849 1.743551 
0.698892 2.417636 1.064618 2.505372 2.171457 
0.645977 1.280987 0.862261 2.663430 0.311598 
2.635180 0.315889 1.701162 0.593974 1.795083 
1.421547 1.222170 0.748071 1.884157 1.614105 
2.115203 1.456630 2.560617 2.444301 2.422148 
1.506943 0.140524 2.221269 0.844965 2.548764 
1.061748 0.572144 0.741487 1.266943 2.694448 
2.318938 0.968083 1.640989 2.031664 1.624964 
0.293922 1.465655 0.503708 0.911714 1.796453 
2.130487 0.932342 0.908113 1.264563 1.465533 
0.693259 1.897093 2.332247 2.540865 2.154931 
0.879670 1.742554 0.877493 2.268202 0.618774 
1.120459 0.628907 1.723649 0.579013 1.884120 
1.225732 1.697146 1.577564 2.405205 0.278514 
1.157505 2.209720 0.803685 1.373379 1.335874 
0.926618 1.200592 0.712936 0.311120 2.088139 
1.997798 1.723060 0.846698 2.293994 1.890557 
1.839695 0.087099 2.008736 2.807408 1.832649 
2.315749 0.394377 2.820733 1.457860 0.914949 
1.327870 3.077097 1.058631 2.594751 0.952495 
1.317802 1.138247 0.681302 1.768378 1.050376 
2.375913 1.074438 2.409846 0.884021 0.698841 
0.868982 2.677982 1.613618 1.430449 1.483815 
2.728764 1.253648 1.924106 1.221277 1.598261 
1.904383 1.679515 2.131350 2.177251 2.495897 
1.712705 2.907583 1.466579 1.505380 2.688205 
0.484517 1.121270 1.639306 0.375483 2.475915 
2.214675 1.900676 2.031113 1.870695 0.953951 
1.508252 1.768870 0.821673 0.814445 0.985351 
1.386336 2.416410 1.170015 0.788925 1.662116 
1.544126 2.049455 2.593090 0.126570 1.899951 
2.332280 2.292398 1.045468 1.100823 1.161951 
2.016325 1.119531 2.246599 0.816163 1.974306 
1.966350 0.886130 1.485503 2.581788 1.907289 
2.056708 1.410096 1.569275 1.714599 1.470493 
1.554819 1.813358 2.533307 1.613219 1.596409 
2.333343 1.297672 2.379697 2.045917 2.591655 
2.207599 0.750646 1.653626 1.062610 1.649444 
0.558159 1.992662 1.466930 0.592769 1.647463 
0.764997 0.989700 1.673479 1.642148 0.803341 
1.210305 1.389351 2.439895 2.580419 2.192317 
1.469253 1.310191 1.268383 1.583985 1.265262 
1.880775 0.613300 1.061490 2.268671 1.950521 
2.780740 2.573659 2.930467 2.196929 2.075497 
2.081860 2.294936 0.969108 2.026524 3.054913 
1.670155 0.602507 1.124648 2.599798 2.395150 
1.423285 1.983671 2.897457 2.479797 2.689815 
1.475033 1.193212 2.200633 1.834103 0.522742 
0.578603 2.692138 1.428877 0.551584 1.290522 
1.437432 0.387187 1.336947 2.548300 2.981764 
0.520502 2.753159 1.770709 1.558710 0.961519 
0.503911 1.889397 0.942148 2.368086 2.386472 
1.622258 2.057245 2.575253 0.973769 1.417737 
0.402105 1.804968 1.748261 2.540635 0.848956 
1.487964 2.787102 2.399614 2.349613 1.752511 
2.094693 1.823813 2.268739 2.468079 2.347032 
0.873445 2.466824 2.294634 1.122318 1.860395 
1.385048 0.971564 0.652628 1.418800 0.640956 
1.820801 1.838982 1.297758 1.227184 0.118800 
1.256790 1.395122 1.166128 0.978703 1.221561 
1.638945 1.505823 1.384456 1.419635 1.288000 
0.229948 1.811731 0.614527 0.283331 1.638395 
1.673925 2.480150 0.571863 1.742480 2.444549 
2.850585 0.767393 1.377094 1.034287 1.606526 
2.956151 0.827011 0.977980 2.142165 1.646300 
1.494034 1.300862 2.195862 0.977098 1.260370 
1.151239 1.940949 1.428034 1.827586 1.780444 
1.199153 2.492574 1.781070 0.777501 1.206907 
1.392998 1.352900 1.299367 0.947216 1.184405 
1.976592 2.067111 1.201553 0.578618 1.518529 
0.860410 2.526494 0.723234 0.862379 2.062940 
2.003751 0.718136 1.369840 1.480456 1.134908 
2.146302 1.232759 1.204999 1.204823 1.797779 
0.480336 2.435123 0.974740 0.902977 2.463021 
0.517164 1.568456 2.637528 2.560152 0.950447 
2.267618 1.122326 1.787225 1.702633 2.229608 
1.457451 1.774094 1.038591 2.093576 0.892063 
1.664277 1.489934 1.059049 2.222019 0.669481 
0.760216 1.884962 1.613800 0.998675 1.056926 
2.337473 1.220404 0.355680 1.464774 1.192206 
0.298617 2.475232 1.096962 2.789032 1.807246 
2.827744 2.232427 0.601907 0.896879 1.155574 
0.579883 2.549817 2.549070 1.524675 1.388019 
1.505719 0.715951 2.096855 2.214264 2.379364 
2.808024 1.038147 2.288470 0.166728 0.942042 
2.114413 1.160752 1.799677 1.934341 1.525740 
1.761505 0.748548 0.432039 2.449876 1.616903 
1.163273 2.390129 2.347119 1.037977 0.955248 
1.124426 2.031568 2.668996 1.744605 1.348939 
1.441202 1.254763 1.852272 2.043261 0.852197 
2.179115 0.485398 0.196412 0.775433 1.807248 
2.071808 2.114428 0.325873 1.700953 2.282576 
2.324622 2.215511 0.833856 2.697667 1.229564 
1.598349 2.874950 1.344648 0.745903 2.245036 
2.575161 2.048199 2.283292 0.581277 3.080538 
0.869541 1.521438 0.614152 1.005713 2.064210 
1.776996 0.449073 1.816509 2.110178 2.317597 
1.153266 2.325676 0.723138 0.918558 1.814824 
2.563832 1.293633 0.487632 2.585245 2.445008 
1.633711 0.195261 0.713666 1.233662 0.967258 
2.030003 1.860530 2.717339 0.558766 1.543266 
0.763911 0.805429 1.000224 2.266635 1.344980 
2.008476 1.785087 1.312183 2.504417 1.566637 
1.100030 0.201405 1.706844 1.332919 2.214029 
2.017692 0.671545 1.491187 0.955825 2.611434 
0.746433 2.248845 1.629246 0.017070 2.045921 
1.680210 1.405634 1.658767 2.261882 2.236842 
1.559757 2.275272 1.480222 1.573258 1.759780 
3.024152 0.756601 0.796944 0.777803 1.661969 
0.822568 1.092166 0.771827 0.277257 2.260433 
1.749926 1.695063 0.096959 1.521093 1.431418 
1.371922 0.912700 2.134164 1.239787 2.048823 
1.333049 2.014325 2.635820 1.170928 2.452807 
1.483587 1.679715 1.761271 0.627951 1.535169 
2.688097 2.279247 2.161896 1.051962 1.628621 
2.318846 0.142604 2.293826 2.332996 0.827888 
2.115842 1.426671 1.383202 2.002581 1.890423 
1.782827 0.029310 1.960843 1.123176 1.488400 
1.657468 0.084050 1.015820 2.225474 2.142673 
2.508541 1.616187 0.167613 1.847414 1.523646 
2.143876 0.360255 0.468378 0.492377 1.432456 
0.729154 1.554102 1.478080 3.135608 1.357129 
0.910929 1.503176 2.343445 1.378484 1.016097 
1.091558 1.952217 2.136799 1.507902 2.651095 
2.339337 1.796377 0.419258 2.314124 0.954246 
2.097501 1.315597 1.873433 0.840455 2.468100 
1.457133 2.363636 1.856005 2.384246 1.135975 
2.442900 2.385507 2.369228 1.523687 0.607272 
1.416923 1.324900 2.265897 0.749681 1.677980 
2.018143 1.208291 1.869724 1.708415 1.728013 
0.271607 1.553773 1.818595 1.270856 1.446595 
1.289607 1.573829 1.904450 2.000690 2.809452 
2.445127 1.797862 0.340726 2.521221 0.553174 
2.047264 1.715228 1.428153 0.379537 0.371005 
1.988690 1.504186 1.442196 0.694657 0.227176 
1.765652 0.664606 1.515450 1.617980 0.173135 
1.684379 2.111305 2.254687 2.712414 2.855897 
0.844628 2.864346 1.262486 2.114870 1.911781 
1.862089 1.393517 1.141260 2.511553 0.203299 
0.778231 2.753278 2.920779 1.181010 0.794769 
1.278536 0.842057 0.387061 0.162899 2.276459 
1.738701 0.328577 0.475510 2.577206 2.339344 
2.463029 1.034521 0.086563 3.029227 1.809119 
0.985003 1.799075 0.542555 1.890709 2.209659 
1.093891 1.933975 0.807454 1.589214 0.714048 
2.115454 1.390197 1.734150 1.613212 1.822064 
1.289935 2.476346 0.614466 1.315908 2.427198 
1.194235 1.467563 1.528386 0.974653 2.284745 
0.950153 2.680789 0.719687 2.086423 1.172711 
0.744202 1.634671 2.268053 2.577980 1.894798 
0.531172 1.249008 2.313885 0.940108 1.891064 
2.442508 2.451964 1.385576 1.236051 1.962571 
0.935137 2.298449 1.063943 2.511798 1.632845 
0.967615 0.468224 1.743039 2.412567 0.974628 
2.107251 0.510366 0.160661 1.901808 0.761921 
2.244388 1.455891 2.132667 1.403112 1.807752 
2.082555 1.624037 0.423454 2.341952 0.847210 
1.278352 2.110911 0.736296 2.286166 1.513481 
1.524226 1.811499 1.811194 2.368241 2.107620 
1.363631 0.323600 2.386950 1.435757 1.474158 
1.616975 1.451917 1.103683 1.363891 1.804533 
1.043267 1.443418 2.812593 1.673393 0.498638 
2.262216 0.639908 0.664113 0.984780 0.744669 
1.750579 2.773642 0.564965 1.030021 0.504764 
1.933188 1.196075 0.854058 0.640426 0.418113 
1.200728 0.982508 1.621956 1.770753 1.590046 
1.694889 2.883400 1.471742 1.695132 1.179477 
2.229304 0.510672 1.337883 0.849177 0.738941 
2.870441 1.724393 1.327439 2.276522 1.787637 
0.574644 0.897047 1.623299 1.419154 1.966040 
3.038859 0.741299 1.218550 1.261652 1.868764 
1.977295 1.472290 2.381525 1.509311 1.729486 
2.181702 2.502563 2.366137 1.557513 0.661585 
1.254413 1.226850 1.408379 2.845892 2.600623 
2.704216 1.591446 1.059576 2.391294 0.879477 
1.038351 1.149655 0.473105 0.656574 1.344687 
1.292685 1.565482 2.298268 1.309550 0.942253 
1.436878 0.635488 1.611255 1.940886 1.597134 
2.500995 1.942099 1.532215 0.581474 0.498625 
0.438953 1.092846 2.018738 1.511681 1.911351 
0.821924 0.766975 2.333132 1.204801 1.879215 
1.244491 1.403362 1.201398 2.501440 2.043476 
1.073396 2.251753 1.366772 2.589523 2.620517 
1.974356 2.238888 2.623176 0.963999 1.696389 
1.811799 0.753717 0.298862 0.877027 2.123145 
1.875969 2.113777 1.351960 2.899664 1.195742 
1.242186 1.808340 1.397937 1.932296 1.078704 
2.191235 2.828109 0.774230 2.146387 2.222385 
2.219513 1.179637 0.636509 2.126758 1.043740 
0.852437 0.429348 0.474224 2.886168 0.869631 
0.968766 1.932945 1.168137 2.299255 2.371429 
1.762768 0.486975 2.153302 1.359365 1.855962 
1.080676 1.988053 2.224345 0.379597 1.479294 
2.545791 0.943243 2.393937 2.619378 2.586425 
2.338177 1.300993 0.218405 0.924072 2.110369 
1.189584 1.075211 1.304381 0.909470 1.107972 
2.025682 2.598446 1.688790 2.634536 2.220162 
1.644365 2.412338 2.808581 2.703604 2.335355 
2.434243 1.694040 2.308012 1.342050 1.467590 
0.950938 0.790189 2.331042 0.765673 2.234178 
0.874688 2.180299 1.958254 0.986863 0.449931 
1.657294 0.677178 0.710316 1.195588 2.011973 
2.665186 1.847733 0.777763 1.706478 0.873106 
2.341464 1.229795 1.351655 1.021386 1.779793 
2.733131 0.716447 3.084545 0.428931 1.725804 
1.930588 1.683166 1.412471 2.717262 1.461813 
2.718390 1.478373 2.789349 2.177923 0.521138 
2.298037 0.905409 2.565254 2.426884 1.714531 
1.674703 1.640544 2.326156 2.733309 1.240534 
1.546990 1.297024 1.442725 0.723868 2.183443 
2.721982 2.299479 1.605558 0.330575 0.365011 
1.359263 1.538245 1.546506 2.184671 1.870857 
2.659560 1.327053 1.025023 0.222665 1.686352 
1.128220 2.133590 0.632121 0.980640 0.741368 
1.876744 0.956451 1.034612 0.721033 2.099004 
1.801185 2.366471 3.038824 2.113839 2.332170 
1.362559 2.618624 0.592231 0.326195 0.903268 
1.987009 1.123899 1.906043 0.753524 0.749599 
1.749302 2.729473 0.102956 1.973428 1.602129 
1.841676 1.851647 1.964443 2.190326 2.344666 
2.940089 1.718023 1.404612 2.598134 1.942121 
2.276675 1.279559 2.250888 0.302505 0.878116 
1.222354 1.686187 3.009552 2.499617 2.825689 
0.869458 0.687881 2.026010 2.016959 1.930148 
1.120939 1.792249 1.060941 1.899874 2.207994 
1.974301 2.004076 0.850586 1.882895 1.895172 
