0.727770 1.696597 2.387434 0.991605 
1.632598 1.493921 0.696390 1.821909 
2.090931 1.761266 0.931562 2.278970 
2.242736 2.196813 0.652760 0.261301 
1.719618 0.713512 0.442126 2.158107 
1.384880 0.977967 0.573061 2.327255 
0.505196 1.972406 2.193449 1.491230 
2.442704 2.610075 1.228690 1.089189 
1.926005 1.567322 0.454119 0.976366 
0.760484 1.382705 2.024991 1.746626 
2.018041 0.302090 0.394393 0.567268 
2.087367 0.600050 1.177012 1.384546 
0.803951 1.809275 0.601907 2.600966 
1.917011 1.290632 0.255671 1.505449 
1.482762 0.636700 2.053170 1.916171 
0.757561 1.055758 2.729545 0.521022 
1.905235 1.561680 1.450183 1.821997 
2.996833 0.940383 1.690944 0.667184 
0.910857 0.757903 1.429132 1.382894 
2.530332 0.887594 0.420021 1.254893 
2.281933 2.178912 0.371982 2.140829 
1.750527 2.070180 1.816422 0.511839 
2.990245 1.578117 1.738306 2.172790 
1.804073 2.005173 0.694167 1.557152 
2.320469 1.312250 1.375242 1.813054 
0.998475 1.617131 0.833182 1.854215 
1.741487 1.802262 1.868800 1.038904 
1.882051 0.835635 1.523533 1.956512 
1.181792 1.084107 0.699386 1.260335 
2.550051 2.614943 2.660488 0.608261 
1.512761 2.453108 2.196788 1.743085 
1.188654 1.467714 0.870839 2.117587 
0.341007 1.674370 1.773439 2.029115 
2.242724 1.901561 0.223505 0.736869 
1.444126 1.805229 2.410716 1.913617 
2.022433 2.343458 1.243393 1.673259 
1.400885 2.087271 2.092201 1.437401 
1.149238 2.191069 1.979819 0.748302 
2.231574 1.547314 1.115551 2.567105 
0.836272 2.363471 1.537562 1.031373 
2.615001 0.299635 2.703679 3.093978 
1.537520 1.044236 1.420773 1.085758 
1.539523 0.712254 0.900701 0.311903 
1.228830 2.773593 1.113014 2.169893 
1.140726 0.771080 1.669934 0.988168 
1.350315 1.553948 2.801809 1.343223 
1.520760 1.668911 1.562322 2.009641 
2.440264 2.888142 1.123332 2.321322 
0.908098 1.626963 1.502657 1.191914 
1.730454 1.728184 0.757847 0.685687 
2.353110 1.496510 2.761391 1.705828 
2.320036 0.946872 1.795622 2.024094 
0.916980 1.785654 1.909768 1.076955 
2.633272 0.393598 2.746259 0.744516 
0.922785 2.935940 1.098558 2.017521 
1.052203 0.986099 1.032754 1.655796 
0.841269 2.423479 1.565875 1.764166 
1.947214 2.193571 1.740437 2.673572 
2.123282 2.066056 2.129742 1.245069 
1.466552 2.351736 0.662629 2.996060 
2.082122 2.049447 0.958905 0.878526 
2.236815 2.897590 1.268603 1.973551 
1.976553 2.014761 1.929853 2.540552 
1.415218 0.637033 0.822735 1.736792 
1.613505 0.560065 2.533624 1.648379 
1.981538 2.201937 2.148209 1.939622 
2.208845 1.937572 2.515919 2.839329 
0.601101 2.688770 0.291040 2.458725 
1.585281 1.771675 0.928560 1.252136 
2.534374 2.161890 1.427999 0.123313 
1.237207 0.315043 0.965283 2.505372 
1.434779 0.875254 1.248777 2.521511 
2.005187 1.822420 1.509819 0.570226 
0.971621 2.269302 1.658304 1.905051 
2.484900 1.729338 1.122109 1.888650 
0.610247 1.068458 1.154639 0.430381 
1.276188 1.484248 1.428543 0.986652 
2.330186 2.526480 2.344116 2.346356 
2.262878 2.323591 1.673270 2.705750 
2.701442 1.282473 1.645688 1.110321 
0.306264 1.452965 0.525762 1.190744 
1.429066 1.600921 1.156116 2.885528 
1.446006 1.352467 2.339117 0.551598 
0.910159 0.586692 0.997384 3.070421 
1.421458 0.724524 1.208355 1.621389 
0.576411 0.918557 2.818688 0.846627 
2.559911 2.602149 2.040850 1.102509 
1.690858 1.010023 1.451545 1.531093 
1.189168 2.325478 2.520936 2.179365 
2.320266 1.067845 1.388292 0.825058 
0.864798 1.767824 2.436614 1.707873 
2.091471 1.679596 1.868902 2.665044 
2.326033 0.815902 1.361261 1.143804 
1.520385 1.102831 1.504465 1.807669 
1.629095 0.626607 1.102436 0.380049 
1.680701 1.408246 1.518604 2.914743 
0.968801 1.086003 0.563408 1.902372 
1.099794 1.032294 1.837174 1.507634 
0.494733 2.447998 1.625852 0.686085 
0.481934 2.895047 1.306312 1.812312 
1.906801 1.374362 1.996360 2.582903 
2.085945 1.168891 2.357261 1.113396 
2.582450 1.678834 1.494834 1.075046 
2.144878 0.653205 1.264288 2.256303 
1.629721 2.248300 1.623745 2.114966 
1.482717 1.527270 1.609070 1.471313 
2.494434 1.570552 2.062127 1.385996 
1.578150 1.052676 2.062609 2.450004 
0.897421 2.167027 1.065530 1.535657 
2.148963 1.181751 0.860222 1.243952 
1.745739 1.824926 2.484861 2.782417 
2.884306 0.847788 0.996200 1.747513 
1.436217 0.746511 1.716016 1.978000 
0.556753 1.148978 1.718680 2.061402 
1.905956 1.634382 1.012438 1.107623 
1.685332 1.088998 0.628071 0.520912 
2.265834 2.310498 1.250148 1.047329 
2.518199 2.455848 2.394778 0.217691 
1.674943 1.751272 0.468258 1.489545 
1.692956 1.804023 0.843551 1.430706 
2.157951 2.849182 0.845809 2.608240 
1.275426 1.996464 2.784459 1.158161 
2.103094 0.244557 2.040201 0.467537 
1.930275 0.567659 1.260739 1.729494 
1.543062 0.533902 0.746250 0.940073 
2.639334 2.246305 1.704446 0.676290 
1.205034 0.970679 0.835137 2.553575 
2.529975 1.685011 1.865573 1.860452 
0.680259 2.075031 1.754340 2.262744 
1.183918 1.394895 1.889242 1.689310 
1.780564 2.727659 1.846799 2.453641 
0.567782 2.391138 1.505864 1.084751 
0.220706 2.703176 2.231932 0.826548 
1.831031 1.975587 2.541729 2.656182 
1.438686 1.636118 1.511289 0.846613 
2.153427 2.045078 0.348957 1.922837 
1.974866 1.169301 1.160174 1.557484 
2.014437 2.028133 0.926836 2.582189 
1.771368 1.392594 0.837153 1.799302 
1.199132 1.816160 0.215934 2.380402 
1.714383 1.461383 2.005406 0.547063 
0.608178 2.180605 2.351378 1.210144 
2.005906 0.884416 2.169113 1.193811 
0.672060 1.354309 2.054539 2.150189 
2.606104 0.830464 2.112143 2.663674 
2.367305 1.265587 1.359169 1.999407 
1.300020 1.100805 1.696024 2.511663 
2.717482 1.655598 2.472059 1.485038 
1.966144 0.813061 2.598741 1.534243 
1.633087 1.853381 2.693629 1.547080 
0.906918 1.968842 2.207324 1.426825 
0.659760 1.322773 1.731539 1.696775 
0.672750 1.065846 2.535842 1.053724 
2.562787 2.765145 1.952140 2.040209 
1.784224 0.438118 0.350505 1.085901 
1.020903 2.419796 2.213843 1.675816 
2.228286 2.757267 1.507105 0.309173 
0.547001 2.425586 0.778798 2.783989 
0.541049 0.934578 1.293895 2.477120 
0.670249 1.111624 2.726736 1.029566 
1.722285 1.312508 0.451729 1.127663 
0.687889 2.799176 1.539623 1.589969 
0.196507 1.418672 1.219879 1.826615 
2.096611 1.018191 1.378842 1.123317 
2.103130 2.420571 0.685081 1.228021 
2.444430 1.243821 1.189977 2.692602 
2.025828 2.523806 1.570824 1.066635 
0.486789 1.661550 1.880565 2.937014 
1.173003 1.750688 0.653743 0.455243 
1.292062 2.156037 0.511037 1.799384 
0.822198 2.144758 2.329918 2.300774 
1.062487 0.811013 1.981419 0.733518 
0.546585 1.790307 1.317870 1.888539 
0.311650 1.184000 2.314889 2.805282 
2.187425 1.299067 1.009068 2.049401 
1.697704 0.269204 0.821792 2.035200 
2.349858 1.275813 2.254055 1.333206 
1.521219 2.852685 0.986885 2.108307 
1.084019 2.385529 0.659861 1.780118 
2.165626 1.223177 0.969613 0.578657 
2.640806 0.668355 1.004796 0.412442 
1.505860 0.829028 0.709386 2.545498 
1.498023 2.794894 1.881345 1.441675 
0.927040 1.396651 0.828728 0.252632 
0.715393 0.777648 1.321868 1.312181 
1.898449 1.048150 2.629648 1.101308 
0.609819 1.965963 2.473741 0.920221 
2.876178 1.786845 1.890859 2.696125 
1.740501 1.368594 1.319711 0.727915 
2.428036 0.273026 0.652549 1.743899 
2.670578 1.267318 2.550083 1.378269 
2.281328 1.031685 1.359245 0.305725 
2.115656 1.488526 2.063105 0.172071 
1.942971 1.044820 0.268453 2.525562 
0.621341 1.205499 1.915129 2.493601 
2.132167 1.217383 2.413812 2.724975 
1.980364 2.377302 1.019136 1.151791 
2.616174 0.961410 2.395252 1.092715 
0.857452 1.751966 1.899289 2.529697 
1.521987 1.535362 2.034802 2.770368 
1.017695 1.039738 1.103800 2.681090 
2.430218 1.142375 1.243960 0.259277 
1.532046 1.681895 1.260509 1.916603 
0.727454 2.687479 1.388869 0.576908 
0.918296 1.131904 1.282384 0.017185 
1.289626 2.403732 2.216198 0.096379 
2.337782 1.216660 2.508758 1.773127 
1.319763 2.532044 2.357722 2.032547 
1.176030 0.407778 1.006517 0.614901 
1.279628 1.740440 2.670637 2.771498 
0.102065 0.562811 1.259714 1.216469 
1.081308 0.783989 2.430779 0.789672 
1.214877 2.717781 1.126931 1.751007 
1.361190 0.842591 1.466105 1.464420 
1.477969 0.583107 1.522577 2.329833 
1.031451 2.272384 1.557071 0.888840 
1.145635 1.247460 0.622936 0.770815 
2.984635 0.601458 0.676341 1.913351 
1.868996 1.702719 1.884635 2.679015 
1.384855 1.352621 0.407080 2.574812 
1.831436 1.676033 2.225917 1.699056 
0.655193 0.848502 2.530840 0.981626 
2.626498 2.982420 1.805821 1.712018 
1.847990 1.686743 2.757855 1.212847 
1.457657 1.900189 1.270545 2.112735 
1.723031 0.894398 1.496785 2.276263 
2.326011 2.652071 1.304788 2.341254 
1.255910 1.898156 1.349481 1.254848 
1.324980 2.248009 0.917710 2.753195 
1.928373 0.450146 1.416851 1.132351 
1.863428 1.436637 0.669936 2.024373 
1.953626 2.358657 1.881787 2.154805 
1.315800 2.833800 1.545061 1.136690 
2.546143 0.968529 2.123046 0.682482 
2.680095 2.104072 0.439836 1.603367 
2.737412 1.591223 2.072011 2.558094 
1.151247 2.726774 0.814286 0.751217 
1.574677 2.148640 0.475618 2.041700 
1.170716 1.171261 1.534531 2.398947 
2.941775 1.921561 2.042887 0.517266 
1.315637 1.784226 1.361909 0.448337 
0.801901 1.217864 1.078156 2.448589 
1.419442 0.867185 1.841531 1.732653 
1.159992 0.991875 0.812730 0.867710 
1.938973 2.665006 1.552203 2.335825 
1.000435 2.674482 1.224107 2.710013 
2.726037 0.646752 1.467971 0.772544 
1.969915 0.715761 1.242409 1.528329 
0.422391 1.438834 1.532452 0.993531 
1.110961 1.000853 2.554828 1.309489 
2.284944 1.519379 1.505598 0.724174 
1.474608 1.190889 0.838454 1.562355 
1.732912 2.325788 1.499736 0.643254 
1.912817 2.776053 2.534451 1.904889 
0.443428 0.564947 0.380895 0.568564 
2.348753 2.501979 1.333491 1.346332 
2.566640 0.942778 2.365442 1.414013 
0.325967 1.680612 2.315468 2.527770 
0.261792 2.276475 2.553407 1.826492 
2.818308 0.522780 1.897792 1.314693 
1.425057 1.774415 1.725681 1.953267 
1.619007 2.122563 1.733941 1.577618 
0.999894 0.591329 2.070724 1.385598 
2.417999 2.175884 2.705393 1.853638 
1.980177 0.911760 1.940415 1.894414 
1.123145 1.960230 0.743643 1.594277 
1.756369 0.269850 1.055086 0.930386 
0.723102 3.059413 1.547426 1.255166 
0.933955 2.229784 1.065988 1.137152 
2.596373 2.863845 2.195730 0.775810 
2.835612 1.635757 2.340463 1.872322 
1.342141 1.072017 0.906646 1.132825 
2.333057 1.360388 2.680309 1.633179 
2.925621 2.489411 0.736652 0.743421 
1.785740 1.379438 1.930569 1.115286 
1.883142 1.909101 2.841345 2.061701 
0.756130 2.366701 2.000411 2.448277 
2.365183 1.398865 2.085810 1.528112 
2.383781 0.318996 1.887321 1.539522 
1.490002 2.603757 1.945972 2.372360 
1.132133 1.668218 1.227361 1.343682 
1.613768 2.043672 1.461059 1.828863 
1.614482 1.710637 0.292151 1.663417 
0.844712 2.878342 1.812326 1.412345 
0.675413 0.918741 1.580828 2.665271 
0.909890 1.274340 2.855489 1.570451 
1.075826 0.897539 1.938530 0.638643 
2.790671 2.586411 1.344458 1.430946 
1.114849 2.045615 1.185654 1.739376 
1.012293 2.596754 2.737522 0.909139 
1.756149 1.619790 2.891801 0.153322 
0.944168 0.531151 1.898433 1.903620 
2.149694 0.318696 1.066218 1.069166 
1.084643 2.215514 1.868146 1.664887 
0.468766 1.629245 0.263875 0.924159 
1.800835 2.336607 1.884704 0.932156 
1.227806 1.087186 2.419861 1.492299 
0.896313 1.848787 2.909737 2.624677 
0.601677 1.088819 0.873999 1.157907 
1.776817 2.376010 1.122581 2.748738 
1.436346 0.880976 1.997270 0.408197 
1.270609 0.572646 1.221082 1.050799 
2.287261 1.741645 1.068402 2.609997 
1.558646 1.250065 2.663620 1.589916 
1.033894 1.592158 0.441340 0.987052 
1.520765 1.107069 1.346553 0.429646 
1.515754 2.305481 1.980174 1.872977 
0.606409 2.773328 2.332379 2.019681 
1.366598 1.221434 1.086586 0.757264 
0.257724 2.613424 2.461249 0.872224 
1.219336 2.044343 2.779002 0.486991 
1.302325 1.331629 1.086642 1.372854 
2.201669 1.936427 0.920260 2.611386 
1.077033 1.963973 2.351867 2.318852 
2.584910 1.503553 1.707253 2.060662 
2.108709 1.056464 0.735675 1.673479 
1.463266 0.335367 1.061969 1.106747 
1.668976 2.438772 1.612686 1.063047 
2.282151 0.893885 0.954026 2.564191 
0.837211 1.573185 1.728089 1.193507 
1.504179 0.434280 0.231603 2.335135 
1.733655 1.450487 2.433071 1.458812 
2.124869 0.371105 0.656166 1.975537 
1.550080 2.336672 0.988557 0.246593 
0.650285 0.802511 2.459922 0.224962 
1.801667 2.149911 2.885910 1.792975 
2.005309 0.268442 2.933571 1.258862 
1.078763 0.446947 1.489995 1.810284 
1.206313 1.700760 0.412910 1.286928 
1.177586 0.343007 2.579545 1.122227 
1.808633 1.182167 1.994375 1.845327 
1.463831 1.861808 1.195988 1.409090 
0.366399 2.373692 2.448398 1.452309 
1.989678 2.210670 1.794286 1.243890 
1.848611 1.991941 2.162748 0.822802 
2.595154 0.828570 1.712510 2.132660 
2.543552 0.195365 2.483930 2.251874 
1.364308 1.748458 2.367874 2.556954 
1.697677 2.709132 1.503267 2.342924 
1.737024 2.287553 1.202834 2.884810 
1.856307 2.755914 0.628361 2.494641 
2.196995 1.012237 1.273044 2.997258 
1.498397 0.423030 2.248900 1.916437 
2.058998 1.202831 1.366924 0.495692 
2.626411 2.096462 2.724507 1.648297 
2.411936 1.188703 2.524218 2.958509 
2.090390 0.874562 1.614036 0.905032 
1.972513 1.577330 1.940939 1.695715 
0.585475 1.399273 1.432791 0.600231 
1.566930 1.427781 1.290922 1.789024 
2.531514 2.081301 1.940741 1.400045 
1.480016 0.756406 1.863744 1.077234 
2.250671 2.398486 0.720664 1.499521 
1.141806 1.787409 1.597018 2.533713 
0.986084 1.669525 0.478957 2.479069 
1.967325 2.618712 1.748954 1.128841 
2.232491 0.427999 1.644768 1.811547 
1.402754 2.127829 1.355307 1.185527 
1.765390 1.566033 0.916128 1.344712 
0.933310 1.772245 1.496707 1.392764 
0.578347 0.757712 1.119678 2.224953 
0.116948 2.023370 0.552075 0.243604 
3.135711 1.199973 1.215323 1.076807 
2.291841 2.757874 1.852942 1.504189 
2.006195 1.732666 2.452728 2.484307 
2.752054 1.470530 1.076277 2.086847 
2.503391 2.333306 1.473394 2.707285 
1.750893 1.832962 0.801559 1.643922 
1.196808 0.767477 1.782272 1.498285 
2.278143 1.206977 1.770341 1.409921 
1.013930 2.442491 1.258795 1.376371 
1.726136 2.169911 1.949299 1.232847 
2.550848 1.808083 2.112732 1.109645 
1.725279 1.667316 0.669773 2.100477 
2.339296 2.002043 2.494373 1.002640 
1.631384 2.293300 1.663600 1.093977 
1.832574 0.311011 2.320290 1.889058 
0.597705 2.466526 1.195885 0.746618 
0.759181 2.077737 1.840974 2.312952 
0.715764 2.833993 2.460366 2.186339 
0.443284 1.900443 2.310220 1.714327 
2.493114 0.209361 0.763769 2.317783 
0.880652 1.385882 0.620965 0.399499 
1.732626 2.676183 2.703208 2.578048 
0.977294 2.146440 2.689965 2.579953 
2.096119 2.391042 1.328285 1.394657 
2.933074 2.540550 1.407874 0.493936 
2.080192 1.995485 2.747715 1.516205 
1.621920 0.665956 1.389685 1.097677 
0.779137 0.448721 0.759098 1.895537 
2.543193 2.249647 1.291886 1.521588 
1.135414 0.658710 1.830638 1.000833 
2.021831 2.107120 2.784383 0.892987 
2.253837 2.337425 0.636258 1.088472 
0.984931 1.445252 1.448642 1.570168 
1.658755 2.046406 2.019220 1.369388 
2.301321 2.358329 0.956208 1.167555 
1.360611 1.752126 2.174077 0.503986 
1.256476 1.891489 0.986473 0.479391 
0.701132 2.390920 1.950309 1.646533 
2.211428 1.109132 1.735873 1.042635 
1.567010 0.452467 0.838070 2.524693 
2.082177 1.717984 1.655946 1.884991 
1.492670 0.386110 1.125856 1.615194 
0.687738 1.197444 1.358678 2.241950 
1.868484 1.754817 1.117453 2.438169 
0.309941 1.582182 1.843852 2.609873 
1.842374 1.304401 1.764596 1.277883 
1.448767 2.004014 0.646426 1.605311 
1.894530 0.995341 1.856231 2.362410 
1.642653 1.993784 1.792942 2.924609 
1.410163 0.229467 2.719004 2.968068 
1.070432 1.951416 1.773358 0.223600 
1.123683 1.920878 0.878554 2.122355 
2.380182 2.231679 2.622166 1.085537 
3.014172 1.450736 0.969424 2.615095 
1.521719 2.103442 1.890911 1.051969 
2.737548 2.533623 2.618285 1.514470 
0.424382 0.405795 1.975587 1.213452 
2.199458 2.122076 2.411729 0.668531 
2.210016 0.383230 1.211791 1.586325 
2.285215 1.924826 0.390530 2.831173 
0.880286 1.923681 0.984428 0.870826 
1.852699 0.420023 1.782350 1.346709 
1.137028 1.614553 2.186608 1.728903 
0.818454 1.576132 1.890160 1.879615 
2.112041 2.541275 0.784141 2.339911 
1.723614 1.257083 2.263381 1.195544 
2.387942 1.229602 1.949305 1.904654 
2.917632 0.991983 0.764408 0.680178 
0.936593 1.907821 1.253045 1.699269 
2.105957 1.281179 1.310251 1.563271 
0.845449 0.425266 1.663463 0.756388 
1.601644 0.894762 1.093022 1.029514 
1.615359 1.303026 2.174851 1.036289 
1.094938 1.188415 0.331364 0.958070 
0.570897 1.531923 2.871032 2.204840 
2.284826 1.903407 1.224053 0.529359 
2.286580 0.697419 0.958404 0.765892 
2.229768 2.629424 1.385600 1.946594 
1.404201 1.851787 2.876485 1.076075 
0.690525 1.222287 2.151770 1.732415 
2.531440 0.425635 1.232498 1.804090 
2.609251 2.719063 0.780342 1.620105 
0.207830 1.503392 2.119692 2.679987 
1.517554 1.103095 1.829815 1.059050 
1.551311 2.279736 1.051434 2.030262 
0.969680 2.072445 1.385562 0.872518 
1.329085 0.927079 0.494337 2.107463 
2.717176 1.374404 1.130103 2.011657 
1.512781 1.139321 2.273358 0.648355 
0.912815 2.203338 1.848757 1.150014 
2.060578 2.047024 1.908892 1.963186 
1.788444 1.492087 1.911123 1.288568 
1.507387 0.821298 1.605401 1.690817 
0.990566 1.203627 1.164359 2.470773 
1.890037 1.721481 1.407333 1.440623 
2.494730 1.084828 1.744368 0.956471 
0.595643 1.575615 1.952011 2.122987 
2.357937 0.528914 1.536187 1.023824 
1.505012 2.187483 2.333759 2.022121 
0.995499 0.620511 1.424201 0.387340 
2.049382 1.802258 0.362332 0.730962 
1.385961 0.619006 1.421708 0.848368 
1.832942 2.474651 1.861399 2.307472 
0.601192 2.907043 2.185242 2.534290 
1.869840 1.447381 0.965928 1.455573 
2.357829 0.904069 2.333199 1.602464 
2.856665 1.899335 1.966349 2.057346 
2.334192 1.568542 1.646206 0.649741 
2.035809 2.620807 1.706551 1.328636 
0.688789 2.500698 2.394180 0.962158 
1.949511 0.960079 2.583246 0.957904 
1.803771 1.070364 0.624736 1.069724 
2.266951 2.604523 0.976704 1.008586 
1.112699 2.269919 1.755078 1.411497 
1.280650 1.067064 1.767380 1.459650 
0.966214 2.852265 1.517634 1.438509 
0.427153 1.565075 1.360405 0.689408 
0.331620 1.076152 1.295907 1.516180 
1.601848 0.754166 1.792601 1.467265 
2.161099 1.359909 2.246782 1.901008 
1.716105 0.604737 0.845045 2.205215 
0.912649 2.124180 2.638297 0.844566 
1.374998 1.860023 2.038466 2.042517 
2.968314 2.760703 1.783925 2.392981 
0.831499 2.467429 0.548521 1.273326 
1.352809 2.233386 0.404807 1.318069 
1.955817 2.328215 0.106310 2.659951 
1.321526 1.696547 1.108996 1.449315 
3.025020 1.222700 1.356208 1.815134 
1.407294 1.589270 0.189863 1.036790 
0.797666 1.359982 0.556261 1.639925 
1.775865 0.967317 1.581182 1.018248 
2.788230 1.068678 1.376135 2.010515 
1.812566 2.622302 1.687590 1.918108 
1.032561 2.892698 0.213990 3.015645 
2.653149 1.390015 2.383045 1.747409 
1.061988 2.455535 2.026206 1.679870 
2.114535 1.162752 1.140608 0.560660 
2.362314 2.531523 1.592190 1.538588 
1.753327 0.262737 1.260204 2.420292 
1.215671 2.011549 2.222782 2.806052 
1.848702 1.200378 1.898647 0.854178 
2.169282 2.555993 0.340636 0.895699 
2.269483 1.653972 1.607503 0.776313 
2.537404 1.517750 1.798060 1.783933 
1.298201 1.534207 1.190110 1.921263 
2.164173 1.734548 2.387630 1.052093 
2.328669 1.224228 1.222679 2.079308 
1.905953 2.277921 1.246344 1.844762 
2.564937 2.302992 2.315982 2.809897 
1.148392 1.808176 0.877247 3.111080 
1.601352 1.793949 0.854600 2.612228 
0.928019 1.959318 1.010353 1.712435 
0.409162 2.283631 0.432311 1.927195 
0.887750 1.564947 2.522911 1.229041 
1.966531 1.149677 0.959128 1.516366 
1.989709 0.428928 0.238061 1.161538 
0.863429 1.812153 1.614394 2.070880 
2.006538 1.759028 1.295570 0.958936 
0.191281 0.680471 1.169933 0.770546 
0.430018 0.843761 1.524941 0.866549 
2.271527 2.785698 2.688212 3.019137 
1.329452 1.356450 0.447451 1.118220 
0.585547 2.307864 2.825604 1.069979 
1.379278 2.720310 1.344697 2.576250 
0.743514 2.685165 1.073514 0.623394 
0.555260 0.082026 1.650428 1.688053 
0.592563 2.841553 1.153349 0.400449 
0.980616 0.953323 1.630179 2.561936 
1.243586 2.022186 0.869147 1.123430 
0.847308 2.295713 0.690935 2.362362 
1.889933 0.934105 1.829072 2.670537 
1.298614 1.281819 1.840542 1.206891 
1.781785 0.567067 0.480658 1.802430 
1.004208 1.583218 0.307190 1.625513 
0.526403 0.094963 0.686520 2.143334 
0.589038 1.820418 0.897939 0.774233 
0.488238 1.094505 2.079683 1.266259 
1.982441 1.366226 0.983180 0.921215 
1.026734 1.335758 1.951979 0.728373 
2.381114 2.291959 2.033210 1.427283 
1.279912 2.421011 1.718972 1.350196 
0.101413 0.882232 2.416196 1.476001 
1.761761 1.828532 1.287020 2.211571 
2.052202 0.840428 0.972636 0.277718 
2.129161 1.617656 1.419217 1.751476 
1.266205 1.037238 0.726393 1.678730 
1.740906 1.910095 1.777499 1.008314 
0.849901 1.411107 1.420625 1.834621 
1.289723 1.762821 1.822775 1.546066 
1.387666 2.248099 2.643336 1.077332 
2.179359 1.635805 1.274007 1.655755 
1.487983 0.747867 1.458483 1.057594 
2.545710 0.835442 2.535553 1.219340 
0.943702 2.240279 1.603190 2.168462 
1.132272 2.614882 0.570929 1.989759 
1.887243 0.420556 1.577794 0.435460 
0.703334 2.137885 2.540884 1.487989 
2.089084 2.769451 1.361893 0.607289 
2.216124 2.108037 1.890756 1.139539 
1.802067 1.575536 2.397462 2.034493 
0.480011 0.520206 1.502712 1.300187 
2.319737 1.456948 0.780821 2.113216 
1.572711 0.203340 2.693026 2.194402 
2.494637 0.870488 1.498163 0.995831 
1.655840 0.993870 2.817008 2.083089 
1.775174 2.377670 1.442364 1.806966 
1.409824 1.300047 2.090438 2.416838 
0.265114 1.365414 0.990628 0.872818 
3.054058 1.033999 1.723725 2.380349 
1.390434 2.312455 2.880784 0.721262 
2.079932 2.942326 1.827479 1.889466 
1.453728 0.685528 1.720629 0.722293 
2.835471 2.566281 2.633066 2.534436 
1.373914 1.524316 1.782194 0.400417 
1.388524 0.587999 2.209194 2.065686 
1.389064 1.911243 1.203429 0.690857 
2.007758 0.776646 0.911199 1.673887 
1.585435 0.764190 1.943412 2.466855 
2.100674 2.275514 2.072331 1.190114 
2.653991 0.793825 1.597105 1.343838 
1.802774 1.498433 1.671889 1.113776 
0.793840 1.716786 0.944862 1.481795 
2.126475 2.602261 0.334703 1.157271 
1.743466 0.764337 2.044816 0.995959 
2.490201 0.484288 2.446467 1.589247 
1.735803 2.373692 1.359676 0.793519 
2.283709 1.218269 1.206052 0.356626 
1.882744 1.030146 1.532245 2.378784 
1.011541 1.190349 1.352846 1.969784 
1.610917 0.869674 2.348614 0.336843 
1.799798 0.618348 2.645375 2.138761 
2.089256 1.197943 2.492580 1.503528 
1.149228 1.985100 1.294621 0.381183 
0.561978 2.660333 1.251234 0.193445 
1.752116 2.075136 0.473618 1.788383 
2.699081 2.166345 2.055836 0.264103 
2.623697 0.764678 1.449685 2.792005 
1.444253 1.893388 2.493920 1.710387 
1.403850 1.644104 0.966388 0.546292 
0.970801 0.875351 2.163561 0.918818 
1.183802 0.303137 1.298537 2.180433 
1.442337 3.036841 1.112126 1.962577 
2.010541 1.038186 0.947326 0.886349 
1.926089 0.936635 2.704616 1.804005 
2.554235 1.256445 2.101332 2.196116 
0.938491 0.137315 2.670077 2.435274 
0.595741 1.659934 1.737490 0.358960 
1.304703 2.104582 0.855118 2.335553 
0.552517 1.590797 2.213750 1.176558 
1.798489 0.955271 0.340832 1.880874 
2.187890 1.027694 0.314635 0.678254 
2.100157 1.562008 1.666130 1.725451 
1.823335 2.546877 1.113253 1.544151 
2.458861 2.116002 2.009860 2.042105 
2.068574 1.367820 0.841086 1.775017 
1.936688 1.831139 2.587910 2.684901 
2.182445 0.459345 2.209589 2.088483 
1.353422 2.169745 2.082072 1.581348 
2.736081 1.723163 1.513009 1.773896 
1.515906 2.289843 3.011072 0.903382 
0.057230 0.927432 1.399855 1.579854 
1.413204 1.681607 1.522191 2.085031 
0.829558 1.423026 2.741971 1.362724 
2.739845 2.333521 1.172473 2.107206 
2.843060 1.864413 0.960666 1.393606 
1.827660 1.087861 1.226592 1.310560 
1.866024 1.514885 1.142852 0.343645 
1.738917 2.033447 2.133688 1.092730 
1.189123 2.163941 1.608831 1.223538 
1.071728 0.186731 0.742726 1.258000 
0.492361 1.117538 1.430149 0.214120 
1.441744 1.306192 1.462786 2.221605 
1.809949 2.350689 1.741516 1.043821 