0.727770 1.696597 2.387434 0.991605 
1.632598 1.493921 0.696390 1.821909 
2.090931 1.761266 0.931562 2.278970 
2.242736 2.196813 0.652760 0.261301 
1.719618 0.713512 0.442126 2.158107 
1.384880 0.977967 0.573061 2.327255 
0.505196 1.972406 2.193449 1.491230 
2.442704 2.610075 1.228690 1.089189 
1.926005 1.567322 0.454119 0.976366 
0.760484 1.382705 2.024991 1.746626 
2.018041 0.302090 0.394393 0.567268 
2.087367 0.600050 1.177012 1.384546 
0.803951 1.809275 0.601907 2.600966 
1.917011 1.290632 0.255671 1.505449 
1.482762 0.636700 2.053170 1.916171 
0.757561 1.055758 2.729545 0.521022 
1.905235 1.561680 1.450183 1.821997 
2.996833 0.940383 1.690944 0.667184 
0.910857 0.757903 1.429132 1.382894 
2.530332 0.887594 0.420021 1.254893 
2.281933 2.178912 0.371982 2.140829 
1.750527 2.070180 1.816422 0.511839 
2.990245 1.578117 1.738306 2.172790 
1.804073 2.005173 0.694167 1.557152 
2.320469 1.312250 1.375242 1.813054 
0.998475 1.617131 0.833182 1.854215 
1.741487 1.802262 1.868800 1.038904 
1.882051 0.835635 1.523533 1.956512 
1.181792 1.084107 0.699386 1.260335 
2.550051 2.614943 2.660488 0.608261 
1.512761 2.453108 2.196788 1.743085 
1.188654 1.467714 0.870839 2.117587 
0.341007 1.674370 1.773439 2.029115 
2.242724 1.901561 0.223505 0.736869 
1.444126 1.805229 2.410716 1.913617 
2.022433 2.343458 1.243393 1.673259 
1.400885 2.087271 2.092201 1.437401 
1.149238 2.191069 1.979819 0.748302 
2.231574 1.547314 1.115551 2.567105 
0.836272 2.363471 1.537562 1.031373 
2.615001 0.299635 2.703679 3.093978 
1.537520 1.044236 1.420773 1.085758 
1.539523 0.712254 0.900701 0.311903 
1.228830 2.773593 1.113014 2.169893 
1.140726 0.771080 1.669934 0.988168 
1.350315 1.553948 2.801809 1.343223 
1.520760 1.668911 1.562322 2.009641 
2.440264 2.888142 1.123332 2.321322 
0.908098 1.626963 1.502657 1.191914 
1.730454 1.728184 0.757847 0.685687 
2.353110 1.496510 2.761391 1.705828 
2.320036 0.946872 1.795622 2.024094 
0.916980 1.785654 1.909768 1.076955 
2.633272 0.393598 2.746259 0.744516 
0.922785 2.935940 1.098558 2.017521 
1.052203 0.986099 1.032754 1.655796 
0.841269 2.423479 1.565875 1.764166 
1.947214 2.193571 1.740437 2.673572 
2.123282 2.066056 2.129742 1.245069 
1.466552 2.351736 0.662629 2.996060 
2.082122 2.049447 0.958905 0.878526 
2.236815 2.897590 1.268603 1.973551 
1.976553 2.014761 1.929853 2.540552 
1.415218 0.637033 0.822735 1.736792 