0.032142
2.310651
2.020573
0.463704
2.137302
1.600854
0.415403
1.060300
1.490623
1.070249
1.024077
1.247944
1.948433
0.916242
1.531442
2.295422
1.619756
1.787869
2.161162
2.181714
2.791467
1.910196
2.229007
0.479049
1.410244
0.649130
1.233298
1.573576
1.449241
2.259363
1.989908
2.442121
2.634509
1.270031
1.103093
1.292974
1.128772
2.499505
1.160878
2.472484
2.406121
1.565990
2.194986
2.006644
2.556481
2.409462
1.475911
2.559585
1.999527
0.670924
2.148097
1.707531
2.372488
1.771354
1.187593
2.289830
1.689433
2.712460
1.957791
1.558434
2.259036
1.548731
1.068344
1.842136
2.316355
1.650668
1.312253
1.207660
1.163212
1.613736
2.531831
1.899211
2.514220
1.698056
1.621471
1.733015
0.982345
1.318920
0.280659
1.832928
0.847812
2.372277
1.060804
0.850670
1.790347
1.324398
1.882416
2.708473
1.342691
1.435637
1.573008
1.106712
2.361572
2.727281
1.958892
2.429074
2.112808
1.810981
1.690827
1.369855
