0.032142
2.310651
2.020573
0.463704
2.137302
1.600854
0.415403
1.060300
1.490623
1.070249
1.024077
1.247944
1.948433
0.916242
1.531442
2.295422
1.619756
1.787869
2.161162
2.181714
2.791467
1.910196
2.229007
0.479049
1.410244
0.649130
1.233298
1.573576
1.449241
2.259363
1.989908
2.442121
2.634509
1.270031
1.103093
1.292974
1.128772
2.499505
1.160878
2.472484
2.406121
1.565990
2.194986
2.006644
2.556481
2.409462
1.475911
2.559585
1.999527
0.670924
