0.727770
1.696597
2.387434
0.991605
1.632598
1.493921
0.696390
1.821909
2.090931
1.761266
0.931562
2.278970
2.242736
2.196813
0.652760
0.261301
1.719618
0.713512
0.442126
2.158107
1.384880
0.977967
0.573061
2.327255
0.505196
1.972406
2.193449
1.491230
2.442704
2.610075
1.228690
1.089189
1.926005
1.567322
0.454119
0.976366
0.760484
1.382705
2.024991
1.746626
2.018041
0.302090
0.394393
0.567268
2.087367
0.600050
1.177012
1.384546
0.803951
1.809275
0.601907
2.600966
1.917011
1.290632
0.255671
1.505449
1.482762
0.636700
2.053170
1.916171
0.757561
1.055758
2.729545
0.521022
1.905235
1.561680
1.450183
1.821997
2.996833
0.940383
1.690944
