0 0 0 0 0 0 0 0 0 0 0 0 0 0 0 0 0 0 0 0 0 0 0 0 0 0 0 0 0 0 0 0 0 0 0 0 0 0 0 0 0 0 0 0 0 0 0 0 0 0 0 0 0 0 0 0 0 0 0 0 0 0 0 0 0 0 0 0 0 0 0 0 0 0 0 0 0 0 0 0 0 0 0 0 0 0 0 0 0 0 0 0 0 0 0 0 0 0 0 0 0 0 0 0 0 0 0 0 0 0 0 0 0 0 0 0 0 0 0 0 0 0 0 0 0 0 0 0 0 0 0 0 0 0 0 0 0 0 0 0 0 0 0 0 0 0 0 0 0 0 0 0 0 0 0 0 0 0 0 0 0 0 0 0 0 0 0 0 0 0 0 0 0 0 0 0 0 0 0 0 0 0 0 0 0 0 0 0 0 0 0 0 0 0 0 0 0 0 0 0 
0 0 0 0 0 0 0 0 0 0 0 0 0 0 0 0 0 0 0 0 0 0 0 0 0 0 0 0 0 0 0 0 0 0 0 0 0 0 0 0 0 0 0 0 0 0 0 0 0 0 0 0 0 0 0 0 0 0 0 0 0 0 0 0 0 0 0 0 0 0 0 0 0 0 0 0 0 0 0 0 0 0 0 0 0 0 0 0 0 0 0 0 0 0 0 0 0 0 0 0 0 0 0 0 0 0 0 0 0 0 0 0 0 0 0 0 0 0 0 0 0 0 0 0 0 0 0 0 0 0 0 0 0 0 0 0 0 0 0 0 0 0 0 0 0 0 0 0 0 0 0 0 0 0 0 0 0 0 0 0 0 0 0 0 0 0 0 0 0 0 0 0 0 0 0 0 0 0 0 0 0 0 0 0 0 0 0 0 0 0 0 0 0 0 0 0 0 0 0 0 
0 0 0 0 0 0 0 0 0 0 0 0 0 0 0 0 0 0 0 0 0 0 0 0 0 0 0 0 0 0 0 0 0 0 0 0 0 0 0 0 0 0 0 0 0 0 0 0 0 0 0 0 0 0 0 0 0 0 0 0 0 0 0 0 0 0 0 0 0 0 0 0 0 0 0 0 0 0 0 0 0 0 0 0 0 0 0 0 0 0 0 0 0 0 0 0 0 0 0 0 0 0 0 0 0 0 0 0 0 0 0 0 0 0 0 0 0 0 0 0 0 0 0 0 0 0 0 0 0 0 0 0 0 0 0 0 0 0 0 0 0 0 0 0 0 0 0 0 0 0 0 0 0 0 0 0 0 0 0 0 0 0 0 0 0 0 0 0 0 0 0 0 0 0 0 0 0 0 0 0 0 0 0 0 0 0 0 0 0 0 0 0 0 0 0 0 0 0 0 0 
0 0 0 0 0 0 0 0 0 0 0 0 0 0 0 0 0 0 0 0 0 0 0 0 0 0 0 0 0 0 0 0 0 0 0 0 0 0 0 0 0 0 0 0 0 0 0 0 0 0 0 0 0 0 0 0 0 0 0 0 0 0 0 0 0 0 0 0 0 0 0 0 0 0 0 0 0 0 0 0 0 0 0 0 0 0 0 0 0 0 0 0 0 0 0 0 0 0 0 0 0 0 0 0 0 0 0 0 0 0 0 0 0 0 0 0 0 0 0 0 0 0 0 0 0 0 0 0 0 0 0 0 0 0 0 0 0 0 0 0 0 0 0 0 0 0 0 0 0 0 0 0 0 0 0 0 0 0 0 0 0 0 0 0 0 0 0 0 0 0 0 0 0 0 0 0 0 0 0 0 0 0 0 0 0 0 0 0 0 0 0 0 0 0 0 0 0 0 0 0 
0 0 0 0 0 0 0 0 0 0 0 0 0 0 0 0 0 0 0 0 0 0 0 0 0 0 0 0 0 0 0 0 0 0 0 0 0 0 0 0 0 0 0 0 0 0 0 0 0 0 0 0 0 0 0 0 0 0 0 0 0 0 0 0 0 0 0 0 0 0 0 0 0 0 0 0 0 0 0 0 0 0 0 0 0 0 0 0 0 0 0 0 0 0 0 0 0 0 0 0 0 0 0 0 0 0 0 0 0 0 0 0 0 0 0 0 0 0 0 0 0 0 0 0 0 0 0 0 0 0 0 0 0 0 0 0 0 0 0 0 0 0 0 0 0 0 0 0 0 0 0 0 0 0 0 0 0 0 0 0 0 0 0 0 0 0 0 0 0 0 0 0 0 0 0 0 0 0 0 0 0 0 0 0 0 0 0 0 0 0 0 0 0 0 0 0 0 0 0 0 
0 0 0 0 0 0 0 0 0 0 0 0 0 0 0 0 0 0 0 0 0 0 0 0 0 0 0 0 0 0 0 0 0 0 0 0 0 0 0 0 0 0 0 0 0 0 0 0 0 0 0 0 0 0 0 0 0 0 0 0 0 0 0 0 0 0 0 0 0 0 0 0 0 0 0 0 0 0 0 0 0 0 0 0 0 0 0 0 0 0 0 0 0 0 0 0 0 0 0 0 0 0 0 0 0 0 0 0 0 0 0 0 0 0 0 0 0 0 0 0 0 0 0 0 0 0 0 0 0 0 0 0 0 0 0 0 0 0 0 0 0 0 0 0 0 0 0 0 0 0 0 0 0 0 0 0 0 0 0 0 0 0 0 0 0 0 0 0 0 0 0 0 0 0 0 0 0 0 0 0 0 0 0 0 0 0 0 0 0 0 0 0 0 0 0 0 0 0 0 0 
0 0 0 0 0 0 0 0 0 0 0 0 0 0 0 0 0 0 0 0 0 0 0 0 0 0 0 0 0 0 0 0 0 0 0 0 0 0 0 0 0 0 0 0 0 0 0 0 0 0 0 0 0 0 0 0 0 0 0 0 0 0 0 0 0 0 0 0 0 0 0 0 0 0 0 0 0 0 0 0 0 0 0 0 0 0 0 0 0 0 0 0 0 0 0 0 0 0 0 0 0 0 0 0 0 0 0 0 0 0 0 0 0 0 0 0 0 0 0 0 0 0 0 0 0 0 0 0 0 0 0 0 0 0 0 0 0 0 0 0 0 0 0 0 0 0 0 0 0 0 0 0 0 0 0 0 0 0 0 0 0 0 0 0 0 0 0 0 0 0 0 0 0 0 0 0 0 0 0 0 0 0 0 0 0 0 0 0 0 0 0 0 0 0 0 0 0 0 0 0 
0 0 0 0 0 0 0 0 0 0 0 0 0 0 0 0 0 0 0 0 0 0 0 0 0 0 0 0 0 0 0 0 0 0 0 0 0 0 0 0 0 0 0 0 0 0 0 0 0 0 0 0 0 0 0 0 0 0 0 0 0 0 0 0 0 0 0 0 0 0 0 0 0 0 0 0 0 0 0 0 0 0 0 0 0 0 0 0 0 0 0 0 0 0 0 0 0 0 0 0 0 0 0 0 0 0 0 0 0 0 0 0 0 0 0 0 0 0 0 0 0 0 0 0 0 0 0 0 0 0 0 0 0 0 0 0 0 0 0 0 0 0 0 0 0 0 0 0 0 0 0 0 0 0 0 0 0 0 0 0 0 0 0 0 0 0 0 0 0 0 0 0 0 0 0 0 0 0 0 0 0 0 0 0 0 0 0 0 0 0 0 0 0 0 0 0 0 0 0 0 
0 0 0 0 0 0 0 0 0 0 0 0 0 0 0 0 0 0 0 0 0 0 0 0 0 0 0 0 0 0 0 0 0 0 0 0 0 0 0 0 0 0 0 0 0 0 0 0 0 0 0 0 0 0 0 0 0 0 0 0 0 0 0 0 0 0 0 0 0 0 0 0 0 0 0 0 0 0 0 0 0 0 0 0 0 0 0 0 0 0 0 0 0 0 0 0 0 0 0 0 0 0 0 0 0 0 0 0 0 0 0 0 0 0 0 0 0 0 0 0 0 0 0 0 0 0 0 0 0 0 0 0 0 0 0 0 0 0 0 0 0 0 0 0 0 0 0 0 0 0 0 0 0 0 0 0 0 0 0 0 0 0 0 0 0 0 0 0 0 0 0 0 0 0 0 0 0 0 0 0 0 0 0 0 0 0 0 0 0 0 0 0 0 0 0 0 0 0 0 0 
0 0 0 0 0 0 0 0 0 0 0 0 0 0 0 0 0 0 0 0 0 0 0 0 0 0 0 0 0 0 0 0 0 0 0 0 0 0 0 0 0 0 0 0 0 0 0 0 0 0 0 0 0 0 0 0 0 0 0 0 0 0 0 0 0 0 0 0 0 0 0 0 0 0 0 0 0 0 0 0 0 0 0 0 0 0 0 0 0 0 0 0 0 0 0 0 0 0 0 0 0 0 0 0 0 0 0 0 0 0 0 0 0 0 0 0 0 0 0 0 0 0 0 0 0 0 0 0 0 0 0 0 0 0 0 0 0 0 0 0 0 0 0 0 0 0 0 0 0 0 0 0 0 0 0 0 0 0 0 0 0 0 0 0 0 0 0 0 0 0 0 0 0 0 0 0 0 0 0 0 0 0 0 0 0 0 0 0 0 0 0 0 0 0 0 0 0 0 0 0 
0 0 0 0 0 0 0 0 0 0 0 0 0 0 0 0 0 0 0 0 0 0 0 0 0 0 0 0 0 0 0 0 0 0 0 0 0 0 0 0 0 0 0 0 0 0 0 0 0 0 0 0 0 0 0 0 0 0 0 0 0 0 0 0 0 0 0 0 0 0 0 0 0 0 0 0 0 0 0 0 0 0 0 0 0 0 0 0 0 0 0 0 0 0 0 0 0 0 0 0 0 0 0 0 0 0 0 0 0 0 0 0 0 0 0 0 0 0 0 0 0 0 0 0 0 0 0 0 0 0 0 0 0 0 0 0 0 0 0 0 0 0 0 0 0 0 0 0 0 0 0 0 0 0 0 0 0 0 0 0 0 0 0 0 0 0 0 0 0 0 0 0 0 0 0 0 0 0 0 0 0 0 0 0 0 0 0 0 0 0 0 0 0 0 0 0 0 0 0 0 
0 0 0 0 0 0 0 0 0 0 0 0 0 0 0 0 0 0 0 0 0 0 0 0 0 0 0 0 0 0 0 0 0 0 0 0 0 0 0 0 0 0 0 0 0 0 0 0 0 0 0 0 0 0 0 0 0 0 0 0 0 0 0 0 0 0 0 0 0 0 0 0 0 0 0 0 0 0 0 0 0 0 0 0 0 0 0 0 0 0 0 0 0 0 0 0 0 0 0 0 0 0 0 0 0 0 0 0 0 0 0 0 0 0 0 0 0 0 0 0 0 0 0 0 0 0 0 0 0 0 0 0 0 0 0 0 0 0 0 0 0 0 0 0 0 0 0 0 0 0 0 0 0 0 0 0 0 0 0 0 0 0 0 0 0 0 0 0 0 0 0 0 0 0 0 0 0 0 0 0 0 0 0 0 0 0 0 0 0 0 0 0 0 0 0 0 0 0 0 0 
0 0 0 0 0 0 0 0 0 0 0 0 0 0 0 0 0 0 0 0 0 0 0 0 0 0 0 0 0 0 0 0 0 0 0 0 0 0 0 0 0 0 0 0 0 0 0 0 0 0 0 0 0 0 0 0 0 0 0 0 0 0 0 0 0 0 0 0 0 0 0 0 0 0 0 0 0 0 0 0 0 0 0 0 0 0 0 0 0 0 0 0 0 0 0 0 0 0 0 0 0 0 0 0 0 0 0 0 0 0 0 0 0 0 0 0 0 0 0 0 0 0 0 0 0 0 0 0 0 0 0 0 0 0 0 0 0 0 0 0 0 0 0 0 0 0 0 0 0 0 0 0 0 0 0 0 0 0 0 0 0 0 0 0 0 0 0 0 0 0 0 0 0 0 0 0 0 0 0 0 0 0 0 0 0 0 0 0 0 0 0 0 0 0 0 0 0 0 0 0 
0 0 0 0 0 0 0 0 0 0 0 0 0 0 0 0 0 0 0 0 0 0 0 0 0 0 0 0 0 0 0 0 0 0 0 0 0 0 0 0 0 0 0 0 0 0 0 0 0 0 0 0 0 0 0 0 0 0 0 0 0 0 0 0 0 0 0 0 0 0 0 0 0 0 0 0 0 0 0 0 0 0 0 0 0 0 0 0 0 0 0 0 0 0 0 0 0 0 0 0 0 0 0 0 0 0 0 0 0 0 0 0 0 0 0 0 0 0 0 0 0 0 0 0 0 0 0 0 0 0 0 0 0 0 0 0 0 0 0 0 0 0 0 0 0 0 0 0 0 0 0 0 0 0 0 0 0 0 0 0 0 0 0 0 0 0 0 0 0 0 0 0 0 0 0 0 0 0 0 0 0 0 0 0 0 0 0 0 0 0 0 0 0 0 0 0 0 0 0 0 
0 0 0 0 0 0 0 0 0 0 0 0 0 0 0 0 0 0 0 0 0 0 0 0 0 0 0 0 0 0 0 0 0 0 0 0 0 0 0 0 0 0 0 0 0 0 0 0 0 0 0 0 0 0 0 0 0 0 0 0 0 0 0 0 0 0 0 0 0 0 0 0 0 0 0 0 0 0 0 0 0 0 0 0 0 0 0 0 0 0 0 0 0 0 0 0 0 0 0 0 0 0 0 0 0 0 0 0 0 0 0 0 0 0 0 0 0 0 0 0 0 0 0 0 0 0 0 0 0 0 0 0 0 0 0 0 0 0 0 0 0 0 0 0 0 0 0 0 0 0 0 0 0 0 0 0 0 0 0 0 0 0 0 0 0 0 0 0 0 0 0 0 0 0 0 0 0 0 0 0 0 0 0 0 0 0 0 0 0 0 0 0 0 0 0 0 0 0 0 0 
0 0 0 0 0 0 0 0 0 0 0 0 0 0 0 0 0 0 0 0 0 0 0 0 0 0 0 0 0 0 0 0 0 0 0 0 0 0 0 0 0 0 0 0 0 0 0 0 0 0 0 0 0 0 0 0 0 0 0 0 0 0 0 0 0 0 0 0 0 0 0 0 0 0 0 0 0 0 0 0 0 0 0 0 0 0 0 0 0 0 0 0 0 0 0 0 0 0 0 0 0 0 0 0 0 0 0 0 0 0 0 0 0 0 0 0 0 0 0 0 0 0 0 0 0 0 0 0 0 0 0 0 0 0 0 0 0 0 0 0 0 0 0 0 0 0 0 0 0 0 0 0 0 0 0 0 0 0 0 0 0 0 0 0 0 0 0 0 0 0 0 0 0 0 0 0 0 0 0 0 0 0 0 0 0 0 0 0 0 0 0 0 0 0 0 0 0 0 0 0 
0 0 0 0 0 0 0 0 0 0 0 0 0 0 0 0 0 0 0 0 0 0 0 0 0 0 0 0 0 0 0 0 0 0 0 0 0 0 0 0 0 0 0 0 0 0 0 0 0 0 0 0 0 0 0 0 0 0 0 0 0 0 0 0 0 0 0 0 0 0 0 0 0 0 0 0 0 0 0 0 0 0 0 0 0 0 0 0 0 0 0 0 0 0 0 0 0 0 0 0 0 0 0 0 0 0 0 0 0 0 0 0 0 0 0 0 0 0 0 0 0 0 0 0 0 0 0 0 0 0 0 0 0 0 0 0 0 0 0 0 0 0 0 0 0 0 0 0 0 0 0 0 0 0 0 0 0 0 0 0 0 0 0 0 0 0 0 0 0 0 0 0 0 0 0 0 0 0 0 0 0 0 0 0 0 0 0 0 0 0 0 0 0 0 0 0 0 0 0 0 
0 0 0 0 0 0 0 0 0 0 0 0 0 0 0 0 0 0 0 0 0 0 0 0 0 0 0 0 0 0 0 0 0 0 0 0 0 0 0 0 0 0 0 0 0 0 0 0 0 0 0 0 0 0 0 0 0 0 0 0 0 0 0 0 0 0 0 0 0 0 0 0 0 0 0 0 0 0 0 0 0 0 0 0 0 0 0 0 0 0 0 0 0 0 0 0 0 0 0 0 0 0 0 0 0 0 0 0 0 0 0 0 0 0 0 0 0 0 0 0 0 0 0 0 0 0 0 0 0 0 0 0 0 0 0 0 0 0 0 0 0 0 0 0 0 0 0 0 0 0 0 0 0 0 0 0 0 0 0 0 0 0 0 0 0 0 0 0 0 0 0 0 0 0 0 0 0 0 0 0 0 0 0 0 0 0 0 0 0 0 0 0 0 0 0 0 0 0 0 0 
0 0 0 0 0 0 0 0 0 0 0 0 0 0 0 0 0 0 0 0 0 0 0 0 0 0 0 0 0 0 0 0 0 0 0 0 0 0 0 0 0 0 0 0 0 0 0 0 0 0 0 0 0 0 0 0 0 0 0 0 0 0 0 0 0 0 0 0 0 0 0 0 0 0 0 0 0 0 0 0 0 0 0 0 0 0 0 0 0 0 0 0 0 0 0 0 0 0 0 0 0 0 0 0 0 0 0 0 0 0 0 0 0 0 0 0 0 0 0 0 0 0 0 0 0 0 0 0 0 0 0 0 0 0 0 0 0 0 0 0 0 0 0 0 0 0 0 0 0 0 0 0 0 0 0 0 0 0 0 0 0 0 0 0 0 0 0 0 0 0 0 0 0 0 0 0 0 0 0 0 0 0 0 0 0 0 0 0 0 0 0 0 0 0 0 0 0 0 0 0 
0 0 0 0 0 0 0 0 0 0 0 0 0 0 0 0 0 0 0 0 0 0 0 0 0 0 0 0 0 0 0 0 0 0 0 0 0 0 0 0 0 0 0 0 0 0 0 0 0 0 0 0 0 0 0 0 0 0 0 0 0 0 0 0 0 0 0 0 0 0 0 0 0 0 0 0 0 0 0 0 0 0 0 0 0 0 0 0 0 0 0 0 0 0 0 0 0 0 0 0 0 0 0 0 0 0 0 0 0 0 0 0 0 0 0 0 0 0 0 0 0 0 0 0 0 0 0 0 0 0 0 0 0 0 0 0 0 0 0 0 0 0 0 0 0 0 0 0 0 0 0 0 0 0 0 0 0 0 0 0 0 0 0 0 0 0 0 0 0 0 0 0 0 0 0 0 0 0 0 0 0 0 0 0 0 0 0 0 0 0 0 0 0 0 0 0 0 0 0 0 
0 0 0 0 0 0 0 0 0 0 0 0 0 0 0 0 0 0 0 0 0 0 0 0 0 0 0 0 0 0 0 0 0 0 0 0 0 0 0 0 0 0 0 0 0 0 0 0 0 0 0 0 0 0 0 0 0 0 0 0 0 0 0 0 0 0 0 0 0 0 0 0 0 0 0 0 0 0 0 0 0 0 0 0 0 0 0 0 0 0 0 0 0 0 0 0 0 0 0 0 0 0 0 0 0 0 0 0 0 0 0 0 0 0 0 0 0 0 0 0 0 0 0 0 0 0 0 0 0 0 0 0 0 0 0 0 0 0 0 0 0 0 0 0 0 0 0 0 0 0 0 0 0 0 0 0 0 0 0 0 0 0 0 0 0 0 0 0 0 0 0 0 0 0 0 0 0 0 0 0 0 0 0 0 0 0 0 0 0 0 0 0 0 0 0 0 0 0 0 0 
0 0 0 0 0 0 0 0 0 0 0 0 0 0 0 0 0 0 0 0 0 0 0 0 0 0 0 0 0 0 0 0 0 0 0 0 0 0 0 0 0 0 0 0 0 0 0 0 0 0 0 0 0 0 0 0 0 0 0 0 0 0 0 0 0 0 0 0 0 0 0 0 0 0 0 0 0 0 0 0 0 0 0 0 0 0 0 0 0 0 0 0 0 0 0 0 0 0 0 0 0 0 0 0 0 0 0 0 0 0 0 0 0 0 0 0 0 0 0 0 0 0 0 0 0 0 0 0 0 0 0 0 0 0 0 0 0 0 0 0 0 0 0 0 0 0 0 0 0 0 0 0 0 0 0 0 0 0 0 0 0 0 0 0 0 0 0 0 0 0 0 0 0 0 0 0 0 0 0 0 0 0 0 0 0 0 0 0 0 0 0 0 0 0 0 0 0 0 0 0 
0 0 0 0 0 0 0 0 0 0 0 0 0 0 0 0 0 0 0 0 0 0 0 0 0 0 0 0 0 0 0 0 0 0 0 0 0 0 0 0 0 0 0 0 0 0 0 0 0 0 0 0 0 0 0 0 0 0 0 0 0 0 0 0 0 0 0 0 0 0 0 0 0 0 0 0 0 0 0 0 0 0 0 0 0 0 0 0 0 0 0 0 0 0 0 0 0 0 0 0 0 0 0 0 0 0 0 0 0 0 0 0 0 0 0 0 0 0 0 0 0 0 0 0 0 0 0 0 0 0 0 0 0 0 0 0 0 0 0 0 0 0 0 0 0 0 0 0 0 0 0 0 0 0 0 0 0 0 0 0 0 0 0 0 0 0 0 0 0 0 0 0 0 0 0 0 0 0 0 0 0 0 0 0 0 0 0 0 0 0 0 0 0 0 0 0 0 0 0 0 
0 0 0 0 0 0 0 0 0 0 0 0 0 0 0 0 0 0 0 0 0 0 0 0 0 0 0 0 0 0 0 0 0 0 0 0 0 0 0 0 0 0 0 0 0 0 0 0 0 0 0 0 0 0 0 0 0 0 0 0 0 0 0 0 0 0 0 0 0 0 0 0 0 0 0 0 0 0 0 0 0 0 0 0 0 0 0 0 0 0 0 0 0 0 0 0 0 0 0 0 0 0 0 0 0 0 0 0 0 0 0 0 0 0 0 0 0 0 0 0 0 0 0 0 0 0 0 0 0 0 0 0 0 0 0 0 0 0 0 0 0 0 0 0 0 0 0 0 0 0 0 0 0 0 0 0 0 0 0 0 0 0 0 0 0 0 0 0 0 0 0 0 0 0 0 0 0 0 0 0 0 0 0 0 0 0 0 0 0 0 0 0 0 0 0 0 0 0 0 0 
0 0 0 0 0 0 0 0 0 0 0 0 0 0 0 0 0 0 0 0 0 0 0 0 0 0 0 0 0 0 0 0 0 0 0 0 0 0 0 0 0 0 0 0 0 0 0 0 0 0 0 0 0 0 0 0 0 0 0 0 0 0 0 0 0 0 0 0 0 0 0 0 0 0 0 0 0 0 0 0 0 0 0 0 0 0 0 0 0 0 0 0 0 0 0 0 0 0 0 0 0 0 0 0 0 0 0 0 0 0 0 0 0 0 0 0 0 0 0 0 0 0 0 0 0 0 0 0 0 0 0 0 0 0 0 0 0 0 0 0 0 0 0 0 0 0 0 0 0 0 0 0 0 0 0 0 0 0 0 0 0 0 0 0 0 0 0 0 0 0 0 0 0 0 0 0 0 0 0 0 0 0 0 0 0 0 0 0 0 0 0 0 0 0 0 0 0 0 0 0 
0 0 0 0 0 0 0 0 0 0 0 0 0 0 0 0 0 0 0 0 0 0 0 0 0 0 0 0 0 0 0 0 0 0 0 0 0 0 0 0 0 0 0 0 0 0 0 0 0 0 0 0 0 0 0 0 0 0 0 0 0 0 0 0 0 0 0 0 0 0 0 0 0 0 0 0 0 0 0 0 0 0 0 0 0 0 0 0 0 0 0 0 0 0 0 0 0 0 0 0 0 0 0 0 0 0 0 0 0 0 0 0 0 0 0 0 0 0 0 0 0 0 0 0 0 0 0 0 0 0 0 0 0 0 0 0 0 0 0 0 0 0 0 0 0 0 0 0 0 0 0 0 0 0 0 0 0 0 0 0 0 0 0 0 0 0 0 0 0 0 0 0 0 0 0 0 0 0 0 0 0 0 0 0 0 0 0 0 0 0 0 0 0 0 0 0 0 0 0 0 
0 0 0 0 0 0 0 0 0 0 0 0 0 0 0 0 0 0 0 0 0 0 0 0 0 0 0 0 0 0 0 0 0 0 0 0 0 0 0 0 0 0 0 0 0 0 0 0 0 0 0 0 0 0 0 0 0 0 0 0 0 0 0 0 0 0 0 0 0 0 0 0 0 0 0 0 0 0 0 0 0 0 0 0 0 0 0 0 0 0 0 0 0 0 0 0 0 0 0 0 0 0 0 0 0 0 0 0 0 0 0 0 0 0 0 0 0 0 0 0 0 0 0 0 0 0 0 0 0 0 0 0 0 0 0 0 0 0 0 0 0 0 0 0 0 0 0 0 0 0 0 0 0 0 0 0 0 0 0 0 0 0 0 0 0 0 0 0 0 0 0 0 0 0 0 0 0 0 0 0 0 0 0 0 0 0 0 0 0 0 0 0 0 0 0 0 0 0 0 0 
0 0 0 0 0 0 0 0 0 0 0 0 0 0 0 0 0 0 0 0 0 0 0 0 0 0 0 0 0 0 0 0 0 0 0 0 0 0 0 0 0 0 0 0 0 0 0 0 0 0 0 0 0 0 0 0 0 0 0 0 0 0 0 0 0 0 0 0 0 0 0 0 0 0 0 0 0 0 0 0 0 0 0 0 0 0 0 0 0 0 0 0 0 0 0 0 0 0 0 0 0 0 0 0 0 0 0 0 0 0 0 0 0 0 0 0 0 0 0 0 0 0 0 0 0 0 0 0 0 0 0 0 0 0 0 0 0 0 0 0 0 0 0 0 0 0 0 0 0 0 0 0 0 0 0 0 0 0 0 0 0 0 0 0 0 0 0 0 0 0 0 0 0 0 0 0 0 0 0 0 0 0 0 0 0 0 0 0 0 0 0 0 0 0 0 0 0 0 0 0 
0 0 0 0 0 0 0 0 0 0 0 0 0 0 0 0 0 0 0 0 0 0 0 0 0 0 0 0 0 0 0 0 0 0 0 0 0 0 0 0 0 0 0 0 0 0 0 0 0 0 0 0 0 0 0 0 0 0 0 0 0 0 0 0 0 0 0 0 0 0 0 0 0 0 0 0 0 0 0 0 0 0 0 0 0 0 0 0 0 0 0 0 0 0 0 0 0 0 0 0 0 0 0 0 0 0 0 0 0 0 0 0 0 0 0 0 0 0 0 0 0 0 0 0 0 0 0 0 0 0 0 0 0 0 0 0 0 0 0 0 0 0 0 0 0 0 0 0 0 0 0 0 0 0 0 0 0 0 0 0 0 0 0 0 0 0 0 0 0 0 0 0 0 0 0 0 0 0 0 0 0 0 0 0 0 0 0 0 0 0 0 0 0 0 0 0 0 0 0 0 
0 0 0 0 0 0 0 0 0 0 0 0 0 0 0 0 0 0 0 0 0 0 0 0 0 0 0 0 0 0 0 0 0 0 0 0 0 0 0 0 0 0 0 0 0 0 0 0 0 0 0 0 0 0 0 0 0 0 0 0 0 0 0 0 0 0 0 0 0 0 0 0 0 0 0 0 0 0 0 0 0 0 0 0 0 0 0 0 0 0 0 0 0 0 0 0 0 0 0 0 0 0 0 0 0 0 0 0 0 0 0 0 0 0 0 0 0 0 0 0 0 0 0 0 0 0 0 0 0 0 0 0 0 0 0 0 0 0 0 0 0 0 0 0 0 0 0 0 0 0 0 0 0 0 0 0 0 0 0 0 0 0 0 0 0 0 0 0 0 0 0 0 0 0 0 0 0 0 0 0 0 0 0 0 0 0 0 0 0 0 0 0 0 0 0 0 0 0 0 0 
0 0 0 0 0 0 0 0 0 0 0 0 0 0 0 0 0 0 0 0 0 0 0 0 0 0 0 0 0 0 0 0 0 0 0 0 0 0 0 0 0 0 0 0 0 0 0 0 0 0 0 0 0 0 0 0 0 0 0 0 0 0 0 0 0 0 0 0 0 0 0 0 0 0 0 0 0 0 0 0 0 0 0 0 0 0 0 0 0 0 0 0 0 0 0 0 0 0 0 0 0 0 0 0 0 0 0 0 0 0 0 0 0 0 0 0 0 0 0 0 0 0 0 0 0 0 0 0 0 0 0 0 0 0 0 0 0 0 0 0 0 0 0 0 0 0 0 0 0 0 0 0 0 0 0 0 0 0 0 0 0 0 0 0 0 0 0 0 0 0 0 0 0 0 0 0 0 0 0 0 0 0 0 0 0 0 0 0 0 0 0 0 0 0 0 0 0 0 0 0 
0 0 0 0 0 0 0 0 0 0 0 0 0 0 0 0 0 0 0 0 0 0 0 0 0 0 0 0 0 0 0 0 0 0 0 0 0 0 0 0 0 0 0 0 0 0 0 0 0 0 0 0 0 0 0 0 0 0 0 0 0 0 0 0 0 0 0 0 0 0 0 0 0 0 0 0 0 0 0 0 0 0 0 0 0 0 0 0 0 0 0 0 0 0 0 0 0 0 0 0 0 0 0 0 0 0 0 0 0 0 0 0 0 0 0 0 0 0 0 0 0 0 0 0 0 0 0 0 0 0 0 0 0 0 0 0 0 0 0 0 0 0 0 0 0 0 0 0 0 0 0 0 0 0 0 0 0 0 0 0 0 0 0 0 0 0 0 0 0 0 0 0 0 0 0 0 0 0 0 0 0 0 0 0 0 0 0 0 0 0 0 0 0 0 0 0 0 0 0 0 
0 0 0 0 0 0 0 0 0 0 0 0 0 0 0 0 0 0 0 0 0 0 0 0 0 0 0 0 0 0 0 0 0 0 0 0 0 0 0 0 0 0 0 0 0 0 0 0 0 0 0 0 0 0 0 0 0 0 0 0 0 0 0 0 0 0 0 0 0 0 0 0 0 0 0 0 0 0 0 0 0 0 0 0 0 0 0 0 0 0 0 0 0 0 0 0 0 0 0 0 0 0 0 0 0 0 0 0 0 0 0 0 0 0 0 0 0 0 0 0 0 0 0 0 0 0 0 0 0 0 0 0 0 0 0 0 0 0 0 0 0 0 0 0 0 0 0 0 0 0 0 0 0 0 0 0 0 0 0 0 0 0 0 0 0 0 0 0 0 0 0 0 0 0 0 0 0 0 0 0 0 0 0 0 0 0 0 0 0 0 0 0 0 0 0 0 0 0 0 0 
0 0 0 0 0 0 0 0 0 0 0 0 0 0 0 0 0 0 0 0 0 0 0 0 0 0 0 0 0 0 0 0 0 0 0 0 0 0 0 0 0 0 0 0 0 0 0 0 0 0 0 0 0 0 0 0 0 0 0 0 0 0 0 0 0 0 0 0 0 0 0 0 0 0 0 0 0 0 0 0 0 0 0 0 0 0 0 0 0 0 0 0 0 0 0 0 0 0 0 0 0 0 0 0 0 0 0 0 0 0 0 0 0 0 0 0 0 0 0 0 0 0 0 0 0 0 0 0 0 0 0 0 0 0 0 0 0 0 0 0 0 0 0 0 0 0 0 0 0 0 0 0 0 0 0 0 0 0 0 0 0 0 0 0 0 0 0 0 0 0 0 0 0 0 0 0 0 0 0 0 0 0 0 0 0 0 0 0 0 0 0 0 0 0 0 0 0 0 0 0 
0 0 0 0 0 0 0 0 0 0 0 0 0 0 0 0 0 0 0 0 0 0 0 0 0 0 0 0 0 0 0 0 0 0 0 0 0 0 0 0 0 0 0 0 0 0 0 0 0 0 0 0 0 0 0 0 0 0 0 0 0 0 0 0 0 0 0 0 0 0 0 0 0 0 0 0 0 0 0 0 0 0 0 0 0 0 0 0 0 0 0 0 0 0 0 0 0 0 0 0 0 0 0 0 0 0 0 0 0 0 0 0 0 0 0 0 0 0 0 0 0 0 0 0 0 0 0 0 0 0 0 0 0 0 0 0 0 0 0 0 0 0 0 0 0 0 0 0 0 0 0 0 0 0 0 0 0 0 0 0 0 0 0 0 0 0 0 0 0 0 0 0 0 0 0 0 0 0 0 0 0 0 0 0 0 0 0 0 0 0 0 0 0 0 0 0 0 0 0 0 
0 0 0 0 0 0 0 0 0 0 0 0 0 0 0 0 0 0 0 0 0 0 0 0 0 0 0 0 0 0 0 0 0 0 0 0 0 0 0 0 0 0 0 0 0 0 0 0 0 0 0 0 0 0 0 0 0 0 0 0 0 0 0 0 0 0 0 0 0 0 0 0 0 0 0 0 0 0 0 0 0 0 0 0 0 0 0 0 0 0 0 0 0 0 0 0 0 0 0 0 0 0 0 0 0 0 0 0 0 0 0 0 0 0 0 0 0 0 0 0 0 0 0 0 0 0 0 0 0 0 0 0 0 0 0 0 0 0 0 0 0 0 0 0 0 0 0 0 0 0 0 0 0 0 0 0 0 0 0 0 0 0 0 0 0 0 0 0 0 0 0 0 0 0 0 0 0 0 0 0 0 0 0 0 0 0 0 0 0 0 0 0 0 0 0 0 0 0 0 0 
0 0 0 0 0 0 0 0 0 0 0 0 0 0 0 0 0 0 0 0 0 0 0 0 0 0 0 0 0 0 0 0 0 0 0 0 0 0 0 0 0 0 0 0 0 0 0 0 0 0 0 0 0 0 0 0 0 0 0 0 0 0 0 0 0 0 0 0 0 0 0 0 0 0 0 0 0 0 0 0 0 0 0 0 0 0 0 0 0 0 0 0 0 0 0 0 0 0 0 0 0 0 0 0 0 0 0 0 0 0 0 0 0 0 0 0 0 0 0 0 0 0 0 0 0 0 0 0 0 0 0 0 0 0 0 0 0 0 0 0 0 0 0 0 0 0 0 0 0 0 0 0 0 0 0 0 0 0 0 0 0 0 0 0 0 0 0 0 0 0 0 0 0 0 0 0 0 0 0 0 0 0 0 0 0 0 0 0 0 0 0 0 0 0 0 0 0 0 0 0 
0 0 0 0 0 0 0 0 0 0 0 0 0 0 0 0 0 0 0 0 0 0 0 0 0 0 0 0 0 0 0 0 0 0 0 0 0 0 0 0 0 0 0 0 0 0 0 0 0 0 0 0 0 0 0 0 0 0 0 0 0 0 0 0 0 0 0 0 0 0 0 0 0 0 0 0 0 0 0 0 0 0 0 0 0 0 0 0 0 0 0 0 0 0 0 0 0 0 0 0 0 0 0 0 0 0 0 0 0 0 0 0 0 0 0 0 0 0 0 0 0 0 0 0 0 0 0 0 0 0 0 0 0 0 0 0 0 0 0 0 0 0 0 0 0 0 0 0 0 0 0 0 0 0 0 0 0 0 0 0 0 0 0 0 0 0 0 0 0 0 0 0 0 0 0 0 0 0 0 0 0 0 0 0 0 0 0 0 0 0 0 0 0 0 0 0 0 0 0 0 
0 0 0 0 0 0 0 0 0 0 0 0 0 0 0 0 0 0 0 0 0 0 0 0 0 0 0 0 0 0 0 0 0 0 0 0 0 0 0 0 0 0 0 0 0 0 0 0 0 0 0 0 0 0 0 0 0 0 0 0 0 0 0 0 0 0 0 0 0 0 0 0 0 0 0 0 0 0 0 0 0 0 0 0 0 0 0 0 0 0 0 0 0 0 0 0 0 0 0 0 0 0 0 0 0 0 0 0 0 0 0 0 0 0 0 0 0 0 0 0 0 0 0 0 0 0 0 0 0 0 0 0 0 0 0 0 0 0 0 0 0 0 0 0 0 0 0 0 0 0 0 0 0 0 0 0 0 0 0 0 0 0 0 0 0 0 0 0 0 0 0 0 0 0 0 0 0 0 0 0 0 0 0 0 0 0 0 0 0 0 0 0 0 0 0 0 0 0 0 0 
0 0 0 0 0 0 0 0 0 0 0 0 0 0 0 0 0 0 0 0 0 0 0 0 0 0 0 0 0 0 0 0 0 0 0 0 0 0 0 0 0 0 0 0 0 0 0 0 0 0 0 0 0 0 0 0 0 0 0 0 0 0 0 0 0 0 0 0 0 0 0 0 0 0 0 0 0 0 0 0 0 0 0 0 0 0 0 0 0 0 0 0 0 0 0 0 0 0 0 0 0 0 0 0 0 0 0 0 0 0 0 0 0 0 0 0 0 0 0 0 0 0 0 0 0 0 0 0 0 0 0 0 0 0 0 0 0 0 0 0 0 0 0 0 0 0 0 0 0 0 0 0 0 0 0 0 0 0 0 0 0 0 0 0 0 0 0 0 0 0 0 0 0 0 0 0 0 0 0 0 0 0 0 0 0 0 0 0 0 0 0 0 0 0 0 0 0 0 0 0 
0 0 0 0 0 0 0 0 0 0 0 0 0 0 0 0 0 0 0 0 0 0 0 0 0 0 0 0 0 0 0 0 0 0 0 0 0 0 0 0 0 0 0 0 0 0 0 0 0 0 0 0 0 0 0 0 0 0 0 0 0 0 0 0 0 0 0 0 0 0 0 0 0 0 0 0 0 0 0 0 0 0 0 0 0 0 0 0 0 0 0 0 0 0 0 0 0 0 0 0 0 0 0 0 0 0 0 0 0 0 0 0 0 0 0 0 0 0 0 0 0 0 0 0 0 0 0 0 0 0 0 0 0 0 0 0 0 0 0 0 0 0 0 0 0 0 0 0 0 0 0 0 0 0 0 0 0 0 0 0 0 0 0 0 0 0 0 0 0 0 0 0 0 0 0 0 0 0 0 0 0 0 0 0 0 0 0 0 0 0 0 0 0 0 0 0 0 0 0 0 
0 0 0 0 0 0 0 0 0 0 0 0 0 0 0 0 0 0 0 0 0 0 0 0 0 0 0 0 0 0 0 0 0 0 0 0 0 0 0 0 0 0 0 0 0 0 0 0 0 0 0 0 0 0 0 0 0 0 0 0 0 0 0 0 0 0 0 0 0 0 0 0 0 0 0 0 0 0 0 0 0 0 0 0 0 0 0 0 0 0 0 0 0 0 0 0 0 0 0 0 0 0 0 0 0 0 0 0 0 0 0 0 0 0 0 0 0 0 0 0 0 0 0 0 0 0 0 0 0 0 0 0 0 0 0 0 0 0 0 0 0 0 0 0 0 0 0 0 0 0 0 0 0 0 0 0 0 0 0 0 0 0 0 0 0 0 0 0 0 0 0 0 0 0 0 0 0 0 0 0 0 0 0 0 0 0 0 0 0 0 0 0 0 0 0 0 0 0 0 0 
0 0 0 0 0 0 0 0 0 0 0 0 0 0 0 0 0 0 0 0 0 0 0 0 0 0 0 0 0 0 0 0 0 0 0 0 0 0 0 0 0 0 0 0 0 0 0 0 0 0 0 0 0 0 0 0 0 0 0 0 0 0 0 0 0 0 0 0 0 0 0 0 0 0 0 0 0 0 0 0 0 0 0 0 0 0 0 0 0 0 0 0 0 0 0 0 0 0 0 0 0 0 0 0 0 0 0 0 0 0 0 0 0 0 0 0 0 0 0 0 0 0 0 0 0 0 0 0 0 0 0 0 0 0 0 0 0 0 0 0 0 0 0 0 0 0 0 0 0 0 0 0 0 0 0 0 0 0 0 0 0 0 0 0 0 0 0 0 0 0 0 0 0 0 0 0 0 0 0 0 0 0 0 0 0 0 0 0 0 0 0 0 0 0 0 0 0 0 0 0 
0 0 0 0 0 0 0 0 0 0 0 0 0 0 0 0 0 0 0 0 0 0 0 0 0 0 0 0 0 0 0 0 0 0 0 0 0 0 0 0 0 0 0 0 0 0 0 0 0 0 0 0 0 0 0 0 0 0 0 0 0 0 0 0 0 0 0 0 0 0 0 0 0 0 0 0 0 0 0 0 0 0 0 0 0 0 0 0 0 0 0 0 0 0 0 0 0 0 0 0 0 0 0 0 0 0 0 0 0 0 0 0 0 0 0 0 0 0 0 0 0 0 0 0 0 0 0 0 0 0 0 0 0 0 0 0 0 0 0 0 0 0 0 0 0 0 0 0 0 0 0 0 0 0 0 0 0 0 0 0 0 0 0 0 0 0 0 0 0 0 0 0 0 0 0 0 0 0 0 0 0 0 0 0 0 0 0 0 0 0 0 0 0 0 0 0 0 0 0 0 
0 0 0 0 0 0 0 0 0 0 0 0 0 0 0 0 0 0 0 0 0 0 0 0 0 0 0 0 0 0 0 0 0 0 0 0 0 0 0 0 0 0 0 0 0 0 0 0 0 0 0 0 0 0 0 0 0 0 0 0 0 0 0 0 0 0 0 0 0 0 0 0 0 0 0 0 0 0 0 0 0 0 0 0 0 0 0 0 0 0 0 0 0 0 0 0 0 0 0 0 0 0 0 0 0 0 0 0 0 0 0 0 0 0 0 0 0 0 0 0 0 0 0 0 0 0 0 0 0 0 0 0 0 0 0 0 0 0 0 0 0 0 0 0 0 0 0 0 0 0 0 0 0 0 0 0 0 0 0 0 0 0 0 0 0 0 0 0 0 0 0 0 0 0 0 0 0 0 0 0 0 0 0 0 0 0 0 0 0 0 0 0 0 0 0 0 0 0 0 0 
0 0 0 0 0 0 0 0 0 0 0 0 0 0 0 0 0 0 0 0 0 0 0 0 0 0 0 0 0 0 0 0 0 0 0 0 0 0 0 0 0 0 0 0 0 0 0 0 0 0 0 0 0 0 0 0 0 0 0 0 0 0 0 0 0 0 0 0 0 0 0 0 0 0 0 0 0 0 0 0 0 0 0 0 0 0 0 0 0 0 0 0 0 0 0 0 0 0 0 0 0 0 0 0 0 0 0 0 0 0 0 0 0 0 0 0 0 0 0 0 0 0 0 0 0 0 0 0 0 0 0 0 0 0 0 0 0 0 0 0 0 0 0 0 0 0 0 0 0 0 0 0 0 0 0 0 0 0 0 0 0 0 0 0 0 0 0 0 0 0 0 0 0 0 0 0 0 0 0 0 0 0 0 0 0 0 0 0 0 0 0 0 0 0 0 0 0 0 0 0 
0 0 0 0 0 0 0 0 0 0 0 0 0 0 0 0 0 0 0 0 0 0 0 0 0 0 0 0 0 0 0 0 0 0 0 0 0 0 0 0 0 0 0 0 0 0 0 0 0 0 0 0 0 0 0 0 0 0 0 0 0 0 0 0 0 0 0 0 0 0 0 0 0 0 0 0 0 0 0 0 0 0 0 0 0 0 0 0 0 0 0 0 0 0 0 0 0 0 0 0 0 0 0 0 0 0 0 0 0 0 0 0 0 0 0 0 0 0 0 0 0 0 0 0 0 0 0 0 0 0 0 0 0 0 0 0 0 0 0 0 0 0 0 0 0 0 0 0 0 0 0 0 0 0 0 0 0 0 0 0 0 0 0 0 0 0 0 0 0 0 0 0 0 0 0 0 0 0 0 0 0 0 0 0 0 0 0 0 0 0 0 0 0 0 0 0 0 0 0 0 
0 0 0 0 0 0 0 0 0 0 0 0 0 0 0 0 0 0 0 0 0 0 0 0 0 0 0 0 0 0 0 0 0 0 0 0 0 0 0 0 0 0 0 0 0 0 0 0 0 0 0 0 0 0 0 0 0 0 0 0 0 0 0 0 0 0 0 0 0 0 0 0 0 0 0 0 0 0 0 0 0 0 0 0 0 0 0 0 0 0 0 0 0 0 0 0 0 0 0 0 0 0 0 0 0 0 0 0 0 0 0 0 0 0 0 0 0 0 0 0 0 0 0 0 0 0 0 0 0 0 0 0 0 0 0 0 0 0 0 0 0 0 0 0 0 0 0 0 0 0 0 0 0 0 0 0 0 0 0 0 0 0 0 0 0 0 0 0 0 0 0 0 0 0 0 0 0 0 0 0 0 0 0 0 0 0 0 0 0 0 0 0 0 0 0 0 0 0 0 0 
0 0 0 0 0 0 0 0 0 0 0 0 0 0 0 0 0 0 0 0 0 0 0 0 0 0 0 0 0 0 0 0 0 0 0 0 0 0 0 0 0 0 0 0 0 0 0 0 0 0 0 0 0 0 0 0 0 0 0 0 0 0 0 0 0 0 0 0 0 0 0 0 0 0 0 0 0 0 0 0 0 0 0 0 0 0 0 0 0 0 0 0 0 0 0 0 0 0 0 0 0 0 0 0 0 0 0 0 0 0 0 0 0 0 0 0 0 0 0 0 0 0 0 0 0 0 0 0 0 0 0 0 0 0 0 0 0 0 0 0 0 0 0 0 0 0 0 0 0 0 0 0 0 0 0 0 0 0 0 0 0 0 0 0 0 0 0 0 0 0 0 0 0 0 0 0 0 0 0 0 0 0 0 0 0 0 0 0 0 0 0 0 0 0 0 0 0 0 0 0 
0 0 0 0 0 0 0 0 0 0 0 0 0 0 0 0 0 0 0 0 0 0 0 0 0 0 0 0 0 0 0 0 0 0 0 0 0 0 0 0 0 0 0 0 0 0 0 0 0 0 0 0 0 0 0 0 0 0 0 0 0 0 0 0 0 0 0 0 0 0 0 0 0 0 0 0 0 0 0 0 0 0 0 0 0 0 0 0 0 0 0 0 0 0 0 0 0 0 0 0 0 0 0 0 0 0 0 0 0 0 0 0 0 0 0 0 0 0 0 0 0 0 0 0 0 0 0 0 0 0 0 0 0 0 0 0 0 0 0 0 0 0 0 0 0 0 0 0 0 0 0 0 0 0 0 0 0 0 0 0 0 0 0 0 0 0 0 0 0 0 0 0 0 0 0 0 0 0 0 0 0 0 0 0 0 0 0 0 0 0 0 0 0 0 0 0 0 0 0 0 
0 0 0 0 0 0 0 0 0 0 0 0 0 0 0 0 0 0 0 0 0 0 0 0 0 0 0 0 0 0 0 0 0 0 0 0 0 0 0 0 0 0 0 0 0 0 0 0 0 0 0 0 0 0 0 0 0 0 0 0 0 0 0 0 0 0 0 0 0 0 0 0 0 0 0 0 0 0 0 0 0 0 0 0 0 0 0 0 0 0 0 0 0 0 0 0 0 0 0 0 0 0 0 0 0 0 0 0 0 0 0 0 0 0 0 0 0 0 0 0 0 0 0 0 0 0 0 0 0 0 0 0 0 0 0 0 0 0 0 0 0 0 0 0 0 0 0 0 0 0 0 0 0 0 0 0 0 0 0 0 0 0 0 0 0 0 0 0 0 0 0 0 0 0 0 0 0 0 0 0 0 0 0 0 0 0 0 0 0 0 0 0 0 0 0 0 0 0 0 0 
0 0 0 0 0 0 0 0 0 0 0 0 0 0 0 0 0 0 0 0 0 0 0 0 0 0 0 0 0 0 0 0 0 0 0 0 0 0 0 0 0 0 0 0 0 0 0 0 0 0 0 0 0 0 0 0 0 0 0 0 0 0 0 0 0 0 0 0 0 0 0 0 0 0 0 0 0 0 0 0 0 0 0 0 0 0 0 0 0 0 0 0 0 0 0 0 0 0 0 0 0 0 0 0 0 0 0 0 0 0 0 0 0 0 0 0 0 0 0 0 0 0 0 0 0 0 0 0 0 0 0 0 0 0 0 0 0 0 0 0 0 0 0 0 0 0 0 0 0 0 0 0 0 0 0 0 0 0 0 0 0 0 0 0 0 0 0 0 0 0 0 0 0 0 0 0 0 0 0 0 0 0 0 0 0 0 0 0 0 0 0 0 0 0 0 0 0 0 0 0 
0 0 0 0 0 0 0 0 0 0 0 0 0 0 0 0 0 0 0 0 0 0 0 0 0 0 0 0 0 0 0 0 0 0 0 0 0 0 0 0 0 0 0 0 0 0 0 0 0 0 0 0 0 0 0 0 0 0 0 0 0 0 0 0 0 0 0 0 0 0 0 0 0 0 0 0 0 0 0 0 0 0 0 0 0 0 0 0 0 0 0 0 0 0 0 0 0 0 0 0 0 0 0 0 0 0 0 0 0 0 0 0 0 0 0 0 0 0 0 0 0 0 0 0 0 0 0 0 0 0 0 0 0 0 0 0 0 0 0 0 0 0 0 0 0 0 0 0 0 0 0 0 0 0 0 0 0 0 0 0 0 0 0 0 0 0 0 0 0 0 0 0 0 0 0 0 0 0 0 0 0 0 0 0 0 0 0 0 0 0 0 0 0 0 0 0 0 0 0 0 
0 0 0 0 0 0 0 0 0 0 0 0 0 0 0 0 0 0 0 0 0 0 0 0 0 0 0 0 0 0 0 0 0 0 0 0 0 0 0 0 0 0 0 0 0 0 0 0 0 0 0 0 0 0 0 0 0 0 0 0 0 0 0 0 0 0 0 0 0 0 0 0 0 0 0 0 0 0 0 0 0 0 0 0 0 0 0 0 0 0 0 0 0 0 0 0 0 0 0 0 0 0 0 0 0 0 0 0 0 0 0 0 0 0 0 0 0 0 0 0 0 0 0 0 0 0 0 0 0 0 0 0 0 0 0 0 0 0 0 0 0 0 0 0 0 0 0 0 0 0 0 0 0 0 0 0 0 0 0 0 0 0 0 0 0 0 0 0 0 0 0 0 0 0 0 0 0 0 0 0 0 0 0 0 0 0 0 0 0 0 0 0 0 0 0 0 0 0 0 0 
0 0 0 0 0 0 0 0 0 0 0 0 0 0 0 0 0 0 0 0 0 0 0 0 0 0 0 0 0 0 0 0 0 0 0 0 0 0 0 0 0 0 0 0 0 0 0 0 0 0 0 0 0 0 0 0 0 0 0 0 0 0 0 0 0 0 0 0 0 0 0 0 0 0 0 0 0 0 0 0 0 0 0 0 0 0 0 0 0 0 0 0 0 0 0 0 0 0 0 0 0 0 0 0 0 0 0 0 0 0 0 0 0 0 0 0 0 0 0 0 0 0 0 0 0 0 0 0 0 0 0 0 0 0 0 0 0 0 0 0 0 0 0 0 0 0 0 0 0 0 0 0 0 0 0 0 0 0 0 0 0 0 0 0 0 0 0 0 0 0 0 0 0 0 0 0 0 0 0 0 0 0 0 0 0 0 0 0 0 0 0 0 0 0 0 0 0 0 0 0 
0 0 0 0 0 0 0 0 0 0 0 0 0 0 0 0 0 0 0 0 0 0 0 0 0 0 0 0 0 0 0 0 0 0 0 0 0 0 0 0 0 0 0 0 0 0 0 0 0 0 0 0 0 0 0 0 0 0 0 0 0 0 0 0 0 0 0 0 0 0 0 0 0 0 0 0 0 0 0 0 0 0 0 0 0 0 0 0 0 0 0 0 0 0 0 0 0 0 0 0 0 0 0 0 0 0 0 0 0 0 0 0 0 0 0 0 0 0 0 0 0 0 0 0 0 0 0 0 0 0 0 0 0 0 0 0 0 0 0 0 0 0 0 0 0 0 0 0 0 0 0 0 0 0 0 0 0 0 0 0 0 0 0 0 0 0 0 0 0 0 0 0 0 0 0 0 0 0 0 0 0 0 0 0 0 0 0 0 0 0 0 0 0 0 0 0 0 0 0 0 
0 0 0 0 0 0 0 0 0 0 0 0 0 0 0 0 0 0 0 0 0 0 0 0 0 0 0 0 0 0 0 0 0 0 0 0 0 0 0 0 0 0 0 0 0 0 0 0 0 0 0 0 0 0 0 0 0 0 0 0 0 0 0 0 0 0 0 0 0 0 0 0 0 0 0 0 0 0 0 0 0 0 0 0 0 0 0 0 0 0 0 0 0 0 0 0 0 0 0 0 0 0 0 0 0 0 0 0 0 0 0 0 0 0 0 0 0 0 0 0 0 0 0 0 0 0 0 0 0 0 0 0 0 0 0 0 0 0 0 0 0 0 0 0 0 0 0 0 0 0 0 0 0 0 0 0 0 0 0 0 0 0 0 0 0 0 0 0 0 0 0 0 0 0 0 0 0 0 0 0 0 0 0 0 0 0 0 0 0 0 0 0 0 0 0 0 0 0 0 0 
0 0 0 0 0 0 0 0 0 0 0 0 0 0 0 0 0 0 0 0 0 0 0 0 0 0 0 0 0 0 0 0 0 0 0 0 0 0 0 0 0 0 0 0 0 0 0 0 0 0 0 0 0 0 0 0 0 0 0 0 0 0 0 0 0 0 0 0 0 0 0 0 0 0 0 0 0 0 0 0 0 0 0 0 0 0 0 0 0 0 0 0 0 0 0 0 0 0 0 0 0 0 0 0 0 0 0 0 0 0 0 0 0 0 0 0 0 0 0 0 0 0 0 0 0 0 0 0 0 0 0 0 0 0 0 0 0 0 0 0 0 0 0 0 0 0 0 0 0 0 0 0 0 0 0 0 0 0 0 0 0 0 0 0 0 0 0 0 0 0 0 0 0 0 0 0 0 0 0 0 0 0 0 0 0 0 0 0 0 0 0 0 0 0 0 0 0 0 0 0 
0 0 0 0 0 0 0 0 0 0 0 0 0 0 0 0 0 0 0 0 0 0 0 0 0 0 0 0 0 0 0 0 0 0 0 0 0 0 0 0 0 0 0 0 0 0 0 0 0 0 0 0 0 0 0 0 0 0 0 0 0 0 0 0 0 0 0 0 0 0 0 0 0 0 0 0 0 0 0 0 0 0 0 0 0 0 0 0 0 0 0 0 0 0 0 0 0 0 0 0 0 0 0 0 0 0 0 0 0 0 0 0 0 0 0 0 0 0 0 0 0 0 0 0 0 0 0 0 0 0 0 0 0 0 0 0 0 0 0 0 0 0 0 0 0 0 0 0 0 0 0 0 0 0 0 0 0 0 0 0 0 0 0 0 0 0 0 0 0 0 0 0 0 0 0 0 0 0 0 0 0 0 0 0 0 0 0 0 0 0 0 0 0 0 0 0 0 0 0 0 
0 0 0 0 0 0 0 0 0 0 0 0 0 0 0 0 0 0 0 0 0 0 0 0 0 0 0 0 0 0 0 0 0 0 0 0 0 0 0 0 0 0 0 0 0 0 0 0 0 0 0 0 0 0 0 0 0 0 0 0 0 0 0 0 0 0 0 0 0 0 0 0 0 0 0 0 0 0 0 0 0 0 0 0 0 0 0 0 0 0 0 0 0 0 0 0 0 0 0 0 0 0 0 0 0 0 0 0 0 0 0 0 0 0 0 0 0 0 0 0 0 0 0 0 0 0 0 0 0 0 0 0 0 0 0 0 0 0 0 0 0 0 0 0 0 0 0 0 0 0 0 0 0 0 0 0 0 0 0 0 0 0 0 0 0 0 0 0 0 0 0 0 0 0 0 0 0 0 0 0 0 0 0 0 0 0 0 0 0 0 0 0 0 0 0 0 0 0 0 0 
0 0 0 0 0 0 0 0 0 0 0 0 0 0 0 0 0 0 0 0 0 0 0 0 0 0 0 0 0 0 0 0 0 0 0 0 0 0 0 0 0 0 0 0 0 0 0 0 0 0 0 0 0 0 0 0 0 0 0 0 0 0 0 0 0 0 0 0 0 0 0 0 0 0 0 0 0 0 0 0 0 0 0 0 0 0 0 0 0 0 0 0 0 0 0 0 0 0 0 0 0 0 0 0 0 0 0 0 0 0 0 0 0 0 0 0 0 0 0 0 0 0 0 0 0 0 0 0 0 0 0 0 0 0 0 0 0 0 0 0 0 0 0 0 0 0 0 0 0 0 0 0 0 0 0 0 0 0 0 0 0 0 0 0 0 0 0 0 0 0 0 0 0 0 0 0 0 0 0 0 0 0 0 0 0 0 0 0 0 0 0 0 0 0 0 0 0 0 0 0 
0 0 0 0 0 0 0 0 0 0 0 0 0 0 0 0 0 0 0 0 0 0 0 0 0 0 0 0 0 0 0 0 0 0 0 0 0 0 0 0 0 0 0 0 0 0 0 0 0 0 0 0 0 0 0 0 0 0 0 0 0 0 0 0 0 0 0 0 0 0 0 0 0 0 0 0 0 0 0 0 0 0 0 0 0 0 0 0 0 0 0 0 0 0 0 0 0 0 0 0 0 0 0 0 0 0 0 0 0 0 0 0 0 0 0 0 0 0 0 0 0 0 0 0 0 0 0 0 0 0 0 0 0 0 0 0 0 0 0 0 0 0 0 0 0 0 0 0 0 0 0 0 0 0 0 0 0 0 0 0 0 0 0 0 0 0 0 0 0 0 0 0 0 0 0 0 0 0 0 0 0 0 0 0 0 0 0 0 0 0 0 0 0 0 0 0 0 0 0 0 
0 0 0 0 0 0 0 0 0 0 0 0 0 0 0 0 0 0 0 0 0 0 0 0 0 0 0 0 0 0 0 0 0 0 0 0 0 0 0 0 0 0 0 0 0 0 0 0 0 0 0 0 0 0 0 0 0 0 0 0 0 0 0 0 0 0 0 0 0 0 0 0 0 0 0 0 0 0 0 0 0 0 0 0 0 0 0 0 0 0 0 0 0 0 0 0 0 0 0 0 0 0 0 0 0 0 0 0 0 0 0 0 0 0 0 0 0 0 0 0 0 0 0 0 0 0 0 0 0 0 0 0 0 0 0 0 0 0 0 0 0 0 0 0 0 0 0 0 0 0 0 0 0 0 0 0 0 0 0 0 0 0 0 0 0 0 0 0 0 0 0 0 0 0 0 0 0 0 0 0 0 0 0 0 0 0 0 0 0 0 0 0 0 0 0 0 0 0 0 0 
0 0 0 0 0 0 0 0 0 0 0 0 0 0 0 0 0 0 0 0 0 0 0 0 0 0 0 0 0 0 0 0 0 0 0 0 0 0 0 0 0 0 0 0 0 0 0 0 0 0 0 0 0 0 0 0 0 0 0 0 0 0 0 0 0 0 0 0 0 0 0 0 0 0 0 0 0 0 0 0 0 0 0 0 0 0 0 0 0 0 0 0 0 0 0 0 0 0 0 0 0 0 0 0 0 0 0 0 0 0 0 0 0 0 0 0 0 0 0 0 0 0 0 0 0 0 0 0 0 0 0 0 0 0 0 0 0 0 0 0 0 0 0 0 0 0 0 0 0 0 0 0 0 0 0 0 0 0 0 0 0 0 0 0 0 0 0 0 0 0 0 0 0 0 0 0 0 0 0 0 0 0 0 0 0 0 0 0 0 0 0 0 0 0 0 0 0 0 0 0 
0 0 0 0 0 0 0 0 0 0 0 0 0 0 0 0 0 0 0 0 0 0 0 0 0 0 0 0 0 0 0 0 0 0 0 0 0 0 0 0 0 0 0 0 0 0 0 0 0 0 0 0 0 0 0 0 0 0 0 0 0 0 0 0 0 0 0 0 0 0 0 0 0 0 0 0 0 0 0 0 0 0 0 0 0 0 0 0 0 0 0 0 0 0 0 0 0 0 0 0 0 0 0 0 0 0 0 0 0 0 0 0 0 0 0 0 0 0 0 0 0 0 0 0 0 0 0 0 0 0 0 0 0 0 0 0 0 0 0 0 0 0 0 0 0 0 0 0 0 0 0 0 0 0 0 0 0 0 0 0 0 0 0 0 0 0 0 0 0 0 0 0 0 0 0 0 0 0 0 0 0 0 0 0 0 0 0 0 0 0 0 0 0 0 0 0 0 0 0 0 
0 0 0 0 0 0 0 0 0 0 0 0 0 0 0 0 0 0 0 0 0 0 0 0 0 0 0 0 0 0 0 0 0 0 0 0 0 0 0 0 0 0 0 0 0 0 0 0 0 0 0 0 0 0 0 0 0 0 0 0 0 0 0 0 0 0 0 0 0 0 0 0 0 0 0 0 0 0 0 0 0 0 0 0 0 0 0 0 0 0 0 0 0 0 0 0 0 0 0 0 0 0 0 0 0 0 0 0 0 0 0 0 0 0 0 0 0 0 0 0 0 0 0 0 0 0 0 0 0 0 0 0 0 0 0 0 0 0 0 0 0 0 0 0 0 0 0 0 0 0 0 0 0 0 0 0 0 0 0 0 0 0 0 0 0 0 0 0 0 0 0 0 0 0 0 0 0 0 0 0 0 0 0 0 0 0 0 0 0 0 0 0 0 0 0 0 0 0 0 0 
0 0 0 0 0 0 0 0 0 0 0 0 0 0 0 0 0 0 0 0 0 0 0 0 0 0 0 0 0 0 0 0 0 0 0 0 0 0 0 0 0 0 0 0 0 0 0 0 0 0 0 0 0 0 0 0 0 0 0 0 0 0 0 0 0 0 0 0 0 0 0 0 0 0 0 0 0 0 0 0 0 0 0 0 0 0 0 0 0 0 0 0 0 0 0 0 0 0 0 0 0 0 0 0 0 0 0 0 0 0 0 0 0 0 0 0 0 0 0 0 0 0 0 0 0 0 0 0 0 0 0 0 0 0 0 0 0 0 0 0 0 0 0 0 0 0 0 0 0 0 0 0 0 0 0 0 0 0 0 0 0 0 0 0 0 0 0 0 0 0 0 0 0 0 0 0 0 0 0 0 0 0 0 0 0 0 0 0 0 0 0 0 0 0 0 0 0 0 0 0 
0 0 0 0 0 0 0 0 0 0 0 0 0 0 0 0 0 0 0 0 0 0 0 0 0 0 0 0 0 0 0 0 0 0 0 0 0 0 0 0 0 0 0 0 0 0 0 0 0 0 0 0 0 0 0 0 0 0 0 0 0 0 0 0 0 0 0 0 0 0 0 0 0 0 0 0 0 0 0 0 0 0 0 0 0 0 0 0 0 0 0 0 0 0 0 0 0 0 0 0 0 0 0 0 0 0 0 0 0 0 0 0 0 0 0 0 0 0 0 0 0 0 0 0 0 0 0 0 0 0 0 0 0 0 0 0 0 0 0 0 0 0 0 0 0 0 0 0 0 0 0 0 0 0 0 0 0 0 0 0 0 0 0 0 0 0 0 0 0 0 0 0 0 0 0 0 0 0 0 0 0 0 0 0 0 0 0 0 0 0 0 0 0 0 0 0 0 0 0 0 
0 0 0 0 0 0 0 0 0 0 0 0 0 0 0 0 0 0 0 0 0 0 0 0 0 0 0 0 0 0 0 0 0 0 0 0 0 0 0 0 0 0 0 0 0 0 0 0 0 0 0 0 0 0 0 0 0 0 0 0 0 0 0 0 0 0 0 0 0 0 0 0 0 0 0 0 0 0 0 0 0 0 0 0 0 0 0 0 0 0 0 0 0 0 0 0 0 0 0 0 0 0 0 0 0 0 0 0 0 0 0 0 0 0 0 0 0 0 0 0 0 0 0 0 0 0 0 0 0 0 0 0 0 0 0 0 0 0 0 0 0 0 0 0 0 0 0 0 0 0 0 0 0 0 0 0 0 0 0 0 0 0 0 0 0 0 0 0 0 0 0 0 0 0 0 0 0 0 0 0 0 0 0 0 0 0 0 0 0 0 0 0 0 0 0 0 0 0 0 0 
0 0 0 0 0 0 0 0 0 0 0 0 0 0 0 0 0 0 0 0 0 0 0 0 0 0 0 0 0 0 0 0 0 0 0 0 0 0 0 0 0 0 0 0 0 0 0 0 0 0 0 0 0 0 0 0 0 0 0 0 0 0 0 0 0 0 0 0 0 0 0 0 0 0 0 0 0 0 0 0 0 0 0 0 0 0 0 0 0 0 0 0 0 0 0 0 0 0 0 0 0 0 0 0 0 0 0 0 0 0 0 0 0 0 0 0 0 0 0 0 0 0 0 0 0 0 0 0 0 0 0 0 0 0 0 0 0 0 0 0 0 0 0 0 0 0 0 0 0 0 0 0 0 0 0 0 0 0 0 0 0 0 0 0 0 0 0 0 0 0 0 0 0 0 0 0 0 0 0 0 0 0 0 0 0 0 0 0 0 0 0 0 0 0 0 0 0 0 0 0 
0 0 0 0 0 0 0 0 0 0 0 0 0 0 0 0 0 0 0 0 0 0 0 0 0 0 0 0 0 0 0 0 0 0 0 0 0 0 0 0 0 0 0 0 0 0 0 0 0 0 0 0 0 0 0 0 0 0 0 0 0 0 0 0 0 0 0 0 0 0 0 0 0 0 0 0 0 0 0 0 0 0 0 0 0 0 0 0 0 0 0 0 0 0 0 0 0 0 0 0 0 0 0 0 0 0 0 0 0 0 0 0 0 0 0 0 0 0 0 0 0 0 0 0 0 0 0 0 0 0 0 0 0 0 0 0 0 0 0 0 0 0 0 0 0 0 0 0 0 0 0 0 0 0 0 0 0 0 0 0 0 0 0 0 0 0 0 0 0 0 0 0 0 0 0 0 0 0 0 0 0 0 0 0 0 0 0 0 0 0 0 0 0 0 0 0 0 0 0 0 
0 0 0 0 0 0 0 0 0 0 0 0 0 0 0 0 0 0 0 0 0 0 0 0 0 0 0 0 0 0 0 0 0 0 0 0 0 0 0 0 0 0 0 0 0 0 0 0 0 0 0 0 0 0 0 0 0 0 0 0 0 0 0 0 0 0 0 0 0 0 0 0 0 0 0 0 0 0 0 0 0 0 0 0 0 0 0 0 0 0 0 0 0 0 0 0 0 0 0 0 0 0 0 0 0 0 0 0 0 0 0 0 0 0 0 0 0 0 0 0 0 0 0 0 0 0 0 0 0 0 0 0 0 0 0 0 0 0 0 0 0 0 0 0 0 0 0 0 0 0 0 0 0 0 0 0 0 0 0 0 0 0 0 0 0 0 0 0 0 0 0 0 0 0 0 0 0 0 0 0 0 0 0 0 0 0 0 0 0 0 0 0 0 0 0 0 0 0 0 0 
0 0 0 0 0 0 0 0 0 0 0 0 0 0 0 0 0 0 0 0 0 0 0 0 0 0 0 0 0 0 0 0 0 0 0 0 0 0 0 0 0 0 0 0 0 0 0 0 0 0 0 0 0 0 0 0 0 0 0 0 0 0 0 0 0 0 0 0 0 0 0 0 0 0 0 0 0 0 0 0 0 0 0 0 0 0 0 0 0 0 0 0 0 0 0 0 0 0 0 0 0 0 0 0 0 0 0 0 0 0 0 0 0 0 0 0 0 0 0 0 0 0 0 0 0 0 0 0 0 0 0 0 0 0 0 0 0 0 0 0 0 0 0 0 0 0 0 0 0 0 0 0 0 0 0 0 0 0 0 0 0 0 0 0 0 0 0 0 0 0 0 0 0 0 0 0 0 0 0 0 0 0 0 0 0 0 0 0 0 0 0 0 0 0 0 0 0 0 0 0 
0 0 0 0 0 0 0 0 0 0 0 0 0 0 0 0 0 0 0 0 0 0 0 0 0 0 0 0 0 0 0 0 0 0 0 0 0 0 0 0 0 0 0 0 0 0 0 0 0 0 0 0 0 0 0 0 0 0 0 0 0 0 0 0 0 0 0 0 0 0 0 0 0 0 0 0 0 0 0 0 0 0 0 0 0 0 0 0 0 0 0 0 0 0 0 0 0 0 0 0 0 0 0 0 0 0 0 0 0 0 0 0 0 0 0 0 0 0 0 0 0 0 0 0 0 0 0 0 0 0 0 0 0 0 0 0 0 0 0 0 0 0 0 0 0 0 0 0 0 0 0 0 0 0 0 0 0 0 0 0 0 0 0 0 0 0 0 0 0 0 0 0 0 0 0 0 0 0 0 0 0 0 0 0 0 0 0 0 0 0 0 0 0 0 0 0 0 0 0 0 
0 0 0 0 0 0 0 0 0 0 0 0 0 0 0 0 0 0 0 0 0 0 0 0 0 0 0 0 0 0 0 0 0 0 0 0 0 0 0 0 0 0 0 0 0 0 0 0 0 0 0 0 0 0 0 0 0 0 0 0 0 0 0 0 0 0 0 0 0 0 0 0 0 0 0 0 0 0 0 0 0 0 0 0 0 0 0 0 0 0 0 0 0 0 0 0 0 0 0 0 0 0 0 0 0 0 0 0 0 0 0 0 0 0 0 0 0 0 0 0 0 0 0 0 0 0 0 0 0 0 0 0 0 0 0 0 0 0 0 0 0 0 0 0 0 0 0 0 0 0 0 0 0 0 0 0 0 0 0 0 0 0 0 0 0 0 0 0 0 0 0 0 0 0 0 0 0 0 0 0 0 0 0 0 0 0 0 0 0 0 0 0 0 0 0 0 0 0 0 0 
0 5.6084e-017 1.12154e-016 1.68196e-016 2.24196e-016 2.80141e-016 3.36015e-016 3.91806e-016 4.47499e-016 5.0308e-016 5.58536e-016 6.13853e-016 6.69017e-016 7.24015e-016 7.78831e-016 8.33454e-016 8.87869e-016 9.42063e-016 9.96022e-016 1.04973e-015 1.10318e-015 1.15636e-015 1.20924e-015 1.26183e-015 1.3141e-015 1.36604e-015 1.41764e-015 1.46889e-015 1.51977e-015 1.57028e-015 1.62039e-015 1.6701e-015 1.71939e-015 1.76826e-015 1.81668e-015 1.86465e-015 1.91216e-015 1.95918e-015 2.00573e-015 2.05177e-015 2.0973e-015 2.1423e-015 2.18678e-015 2.23071e-015 2.27408e-015 2.31688e-015 2.35911e-015 2.40075e-015 2.44179e-015 2.48223e-015 2.52204e-015 2.56123e-015 2.59978e-015 2.63768e-015 2.67492e-015 2.7115e-015 2.7474e-015 2.78261e-015 2.81713e-015 2.85095e-015 2.88406e-015 2.91645e-015 2.94812e-015 2.97905e-015 3.00923e-015 3.03867e-015 3.06735e-015 3.09527e-015 3.12241e-015 3.14877e-015 3.17435e-015 3.19914e-015 3.22314e-015 3.24633e-015 3.26871e-015 3.29027e-015 3.31102e-015 3.33094e-015 3.35003e-015 3.36828e-015 3.3857e-015 3.40227e-015 3.41799e-015 3.43286e-015 3.44688e-015 3.46004e-015 3.47233e-015 3.48376e-015 3.49433e-015 3.50402e-015 3.51283e-015 3.52078e-015 3.52784e-015 3.53403e-015 3.53933e-015 3.54375e-015 3.54729e-015 3.54995e-015 3.55172e-015 3.5526e-015 3.5526e-015 3.55172e-015 3.54995e-015 3.54729e-015 3.54375e-015 3.53933e-015 3.53403e-015 3.52784e-015 3.52078e-015 3.51283e-015 3.50402e-015 3.49433e-015 3.48376e-015 3.47233e-015 3.46004e-015 3.44688e-015 3.43286e-015 3.41799e-015 3.40227e-015 3.3857e-015 3.36828e-015 3.35003e-015 3.33094e-015 3.31102e-015 3.29027e-015 3.26871e-015 3.24633e-015 3.22314e-015 3.19914e-015 3.17435e-015 3.14877e-015 3.12241e-015 3.09527e-015 3.06735e-015 3.03867e-015 3.00923e-015 2.97905e-015 2.94812e-015 2.91645e-015 2.88406e-015 2.85095e-015 2.81713e-015 2.78261e-015 2.7474e-015 2.7115e-015 2.67492e-015 2.63768e-015 2.59978e-015 2.56123e-015 2.52204e-015 2.48223e-015 2.44179e-015 2.40075e-015 2.35911e-015 2.31688e-015 2.27408e-015 2.23071e-015 2.18678e-015 2.1423e-015 2.0973e-015 2.05177e-015 2.00573e-015 1.95918e-015 1.91216e-015 1.86465e-015 1.81668e-015 1.76826e-015 1.71939e-015 1.6701e-015 1.62039e-015 1.57028e-015 1.51977e-015 1.46889e-015 1.41764e-015 1.36604e-015 1.3141e-015 1.26183e-015 1.20924e-015 1.15636e-015 1.10318e-015 1.04973e-015 9.96022e-016 9.42063e-016 8.87869e-016 8.33454e-016 7.78831e-016 7.24015e-016 6.69017e-016 6.13853e-016 5.58536e-016 5.0308e-016 4.47499e-016 3.91806e-016 3.36015e-016 2.80141e-016 2.24196e-016 1.68196e-016 1.12154e-016 5.6084e-017 0 
0 2.80388e-015 5.60706e-015 8.40884e-015 1.12085e-014 1.40054e-014 1.67988e-014 1.9588e-014 2.23724e-014 2.51511e-014 2.79236e-014 3.06892e-014 3.3447e-014 3.61966e-014 3.89371e-014 4.16679e-014 4.43884e-014 4.70977e-014 4.97954e-014 5.24806e-014 5.51527e-014 5.78112e-014 6.04551e-014 6.30841e-014 6.56973e-014 6.82941e-014 7.08739e-014 7.34361e-014 7.59799e-014 7.85048e-014 8.10102e-014 8.34954e-014 8.59597e-014 8.84026e-014 9.08235e-014 9.32218e-014 9.55968e-014 9.7948e-014 1.00275e-013 1.02577e-013 1.04853e-013 1.07103e-013 1.09326e-013 1.11522e-013 1.13691e-013 1.15831e-013 1.17942e-013 1.20024e-013 1.22076e-013 1.24097e-013 1.26088e-013 1.28047e-013 1.29974e-013 1.31869e-013 1.33731e-013 1.35559e-013 1.37354e-013 1.39115e-013 1.40841e-013 1.42531e-013 1.44187e-013 1.45806e-013 1.47389e-013 1.48935e-013 1.50444e-013 1.51916e-013 1.5335e-013 1.54746e-013 1.56103e-013 1.57421e-013 1.587e-013 1.59939e-013 1.61138e-013 1.62298e-013 1.63417e-013 1.64495e-013 1.65532e-013 1.66528e-013 1.67482e-013 1.68395e-013 1.69265e-013 1.70094e-013 1.7088e-013 1.71624e-013 1.72324e-013 1.72982e-013 1.73597e-013 1.74168e-013 1.74696e-013 1.75181e-013 1.75622e-013 1.76019e-013 1.76372e-013 1.76681e-013 1.76946e-013 1.77167e-013 1.77344e-013 1.77477e-013 1.77566e-013 1.7761e-013 1.7761e-013 1.77566e-013 1.77477e-013 1.77344e-013 1.77167e-013 1.76946e-013 1.76681e-013 1.76372e-013 1.76019e-013 1.75622e-013 1.75181e-013 1.74696e-013 1.74168e-013 1.73597e-013 1.72982e-013 1.72324e-013 1.71624e-013 1.7088e-013 1.70094e-013 1.69265e-013 1.68395e-013 1.67482e-013 1.66528e-013 1.65532e-013 1.64495e-013 1.63417e-013 1.62298e-013 1.61138e-013 1.59939e-013 1.587e-013 1.57421e-013 1.56103e-013 1.54746e-013 1.5335e-013 1.51916e-013 1.50444e-013 1.48935e-013 1.47389e-013 1.45806e-013 1.44187e-013 1.42531e-013 1.40841e-013 1.39115e-013 1.37354e-013 1.35559e-013 1.33731e-013 1.31869e-013 1.29974e-013 1.28047e-013 1.26088e-013 1.24097e-013 1.22076e-013 1.20024e-013 1.17942e-013 1.15831e-013 1.13691e-013 1.11522e-013 1.09326e-013 1.07103e-013 1.04853e-013 1.02577e-013 1.00275e-013 9.7948e-014 9.55968e-014 9.32218e-014 9.08235e-014 8.84026e-014 8.59597e-014 8.34954e-014 8.10102e-014 7.85048e-014 7.59799e-014 7.34361e-014 7.08739e-014 6.82941e-014 6.56973e-014 6.30841e-014 6.04551e-014 5.78112e-014 5.51527e-014 5.24806e-014 4.97954e-014 4.70977e-014 4.43884e-014 4.16679e-014 3.89371e-014 3.61966e-014 3.3447e-014 3.06892e-014 2.79236e-014 2.51511e-014 2.23724e-014 1.9588e-014 1.67988e-014 1.40054e-014 1.12085e-014 8.40884e-015 5.60706e-015 2.80388e-015 0 
0 6.87436e-014 1.3747e-013 2.06162e-013 2.74803e-013 3.43376e-013 4.11862e-013 4.80246e-013 5.48511e-013 6.16639e-013 6.84613e-013 7.52416e-013 8.20032e-013 8.87443e-013 9.54634e-013 1.02159e-012 1.08828e-012 1.15471e-012 1.22085e-012 1.28668e-012 1.3522e-012 1.41738e-012 1.4822e-012 1.54665e-012 1.61072e-012 1.67439e-012 1.73764e-012 1.80046e-012 1.86282e-012 1.92473e-012 1.98615e-012 2.04708e-012 2.1075e-012 2.1674e-012 2.22675e-012 2.28555e-012 2.34378e-012 2.40142e-012 2.45847e-012 2.5149e-012 2.57071e-012 2.62588e-012 2.68039e-012 2.73423e-012 2.7874e-012 2.83986e-012 2.89163e-012 2.94266e-012 2.99297e-012 3.04253e-012 3.09133e-012 3.13937e-012 3.18661e-012 3.23307e-012 3.27872e-012 3.32355e-012 3.36756e-012 3.41072e-012 3.45303e-012 3.49449e-012 3.53507e-012 3.57477e-012 3.61358e-012 3.65149e-012 3.6885e-012 3.72458e-012 3.75973e-012 3.79395e-012 3.82722e-012 3.85953e-012 3.89089e-012 3.92127e-012 3.95068e-012 3.97911e-012 4.00654e-012 4.03297e-012 4.0584e-012 4.08281e-012 4.10621e-012 4.12859e-012 4.14994e-012 4.17025e-012 4.18952e-012 4.20775e-012 4.22493e-012 4.24106e-012 4.25613e-012 4.27014e-012 4.28308e-012 4.29496e-012 4.30577e-012 4.31551e-012 4.32416e-012 4.33175e-012 4.33825e-012 4.34367e-012 4.34801e-012 4.35126e-012 4.35343e-012 4.35452e-012 4.35452e-012 4.35343e-012 4.35126e-012 4.34801e-012 4.34367e-012 4.33825e-012 4.33175e-012 4.32416e-012 4.31551e-012 4.30577e-012 4.29496e-012 4.28308e-012 4.27014e-012 4.25613e-012 4.24106e-012 4.22493e-012 4.20775e-012 4.18952e-012 4.17025e-012 4.14994e-012 4.12859e-012 4.10621e-012 4.08281e-012 4.0584e-012 4.03297e-012 4.00654e-012 3.97911e-012 3.95068e-012 3.92127e-012 3.89089e-012 3.85953e-012 3.82722e-012 3.79395e-012 3.75973e-012 3.72458e-012 3.6885e-012 3.65149e-012 3.61358e-012 3.57477e-012 3.53507e-012 3.49449e-012 3.45303e-012 3.41072e-012 3.36756e-012 3.32355e-012 3.27872e-012 3.23307e-012 3.18661e-012 3.13937e-012 3.09133e-012 3.04253e-012 2.99297e-012 2.94266e-012 2.89163e-012 2.83986e-012 2.7874e-012 2.73423e-012 2.68039e-012 2.62588e-012 2.57071e-012 2.5149e-012 2.45847e-012 2.40142e-012 2.34378e-012 2.28555e-012 2.22675e-012 2.1674e-012 2.1075e-012 2.04708e-012 1.98615e-012 1.92473e-012 1.86282e-012 1.80046e-012 1.73764e-012 1.67439e-012 1.61072e-012 1.54665e-012 1.4822e-012 1.41738e-012 1.3522e-012 1.28668e-012 1.22085e-012 1.15471e-012 1.08828e-012 1.02159e-012 9.54634e-013 8.87443e-013 8.20032e-013 7.52416e-013 6.84613e-013 6.16639e-013 5.48511e-013 4.80246e-013 4.11862e-013 3.43376e-013 2.74803e-013 2.06162e-013 1.3747e-013 6.87436e-014 0 
0 1.10169e-012 2.20311e-012 3.30397e-012 4.40402e-012 5.50296e-012 6.60054e-012 7.69647e-012 8.79048e-012 9.8823e-012 1.09717e-011 1.20583e-011 1.31419e-011 1.42222e-011 1.5299e-011 1.6372e-011 1.74409e-011 1.85055e-011 1.95654e-011 2.06205e-011 2.16704e-011 2.2715e-011 2.37538e-011 2.47868e-011 2.58136e-011 2.68339e-011 2.78475e-011 2.88543e-011 2.98538e-011 3.08459e-011 3.18303e-011 3.28067e-011 3.3775e-011 3.47349e-011 3.56861e-011 3.66284e-011 3.75616e-011 3.84854e-011 3.93996e-011 4.03041e-011 4.11984e-011 4.20825e-011 4.29561e-011 4.38191e-011 4.4671e-011 4.55119e-011 4.63414e-011 4.71594e-011 4.79656e-011 4.87598e-011 4.9542e-011 5.03117e-011 5.10689e-011 5.18134e-011 5.2545e-011 5.32635e-011 5.39687e-011 5.46605e-011 5.53386e-011 5.60029e-011 5.66533e-011 5.72896e-011 5.79116e-011 5.85191e-011 5.91121e-011 5.96904e-011 6.02537e-011 6.08021e-011 6.13353e-011 6.18532e-011 6.23557e-011 6.28426e-011 6.33139e-011 6.37694e-011 6.42091e-011 6.46327e-011 6.50402e-011 6.54315e-011 6.58065e-011 6.61651e-011 6.65072e-011 6.68327e-011 6.71416e-011 6.74338e-011 6.77091e-011 6.79675e-011 6.82091e-011 6.84336e-011 6.86411e-011 6.88314e-011 6.90046e-011 6.91606e-011 6.92994e-011 6.94209e-011 6.95251e-011 6.9612e-011 6.96815e-011 6.97337e-011 6.97684e-011 6.97858e-011 6.97858e-011 6.97684e-011 6.97337e-011 6.96815e-011 6.9612e-011 6.95251e-011 6.94209e-011 6.92994e-011 6.91606e-011 6.90046e-011 6.88314e-011 6.86411e-011 6.84336e-011 6.82091e-011 6.79675e-011 6.77091e-011 6.74338e-011 6.71416e-011 6.68327e-011 6.65072e-011 6.61651e-011 6.58065e-011 6.54315e-011 6.50402e-011 6.46327e-011 6.42091e-011 6.37694e-011 6.33139e-011 6.28426e-011 6.23557e-011 6.18532e-011 6.13353e-011 6.08021e-011 6.02537e-011 5.96904e-011 5.91121e-011 5.85191e-011 5.79116e-011 5.72896e-011 5.66533e-011 5.60029e-011 5.53386e-011 5.46605e-011 5.39687e-011 5.32635e-011 5.2545e-011 5.18134e-011 5.10689e-011 5.03117e-011 4.9542e-011 4.87598e-011 4.79656e-011 4.71594e-011 4.63414e-011 4.55119e-011 4.4671e-011 4.38191e-011 4.29561e-011 4.20825e-011 4.11984e-011 4.03041e-011 3.93996e-011 3.84854e-011 3.75616e-011 3.66284e-011 3.56861e-011 3.47349e-011 3.3775e-011 3.28067e-011 3.18303e-011 3.08459e-011 2.98538e-011 2.88543e-011 2.78475e-011 2.68339e-011 2.58136e-011 2.47868e-011 2.37538e-011 2.2715e-011 2.16704e-011 2.06205e-011 1.95654e-011 1.85055e-011 1.74409e-011 1.6372e-011 1.5299e-011 1.42222e-011 1.31419e-011 1.20583e-011 1.09717e-011 9.8823e-012 8.79048e-012 7.69647e-012 6.60054e-012 5.50296e-012 4.40402e-012 3.30397e-012 2.20311e-012 1.10169e-012 0 
0 1.29794e-011 2.59556e-011 3.89253e-011 5.18852e-011 6.48323e-011 7.77632e-011 9.06747e-011 1.03564e-010 1.16427e-010 1.29261e-010 1.42063e-010 1.54829e-010 1.67557e-010 1.80243e-010 1.92885e-010 2.05478e-010 2.1802e-010 2.30507e-010 2.42937e-010 2.55307e-010 2.67613e-010 2.79852e-010 2.92022e-010 3.04119e-010 3.16139e-010 3.28082e-010 3.39942e-010 3.51718e-010 3.63406e-010 3.75003e-010 3.86507e-010 3.97915e-010 4.09223e-010 4.2043e-010 4.31532e-010 4.42526e-010 4.5341e-010 4.64181e-010 4.74836e-010 4.85373e-010 4.95789e-010 5.06081e-010 5.16248e-010 5.26285e-010 5.36192e-010 5.45964e-010 5.55601e-010 5.65099e-010 5.74457e-010 5.83671e-010 5.9274e-010 6.01661e-010 6.10432e-010 6.19051e-010 6.27516e-010 6.35824e-010 6.43974e-010 6.51963e-010 6.5979e-010 6.67452e-010 6.74949e-010 6.82277e-010 6.89434e-010 6.9642e-010 7.03233e-010 7.0987e-010 7.1633e-010 7.22612e-010 7.28714e-010 7.34634e-010 7.40371e-010 7.45923e-010 7.5129e-010 7.56469e-010 7.6146e-010 7.66261e-010 7.70871e-010 7.75289e-010 7.79514e-010 7.83544e-010 7.8738e-010 7.91019e-010 7.9446e-010 7.97704e-010 8.00749e-010 8.03595e-010 8.0624e-010 8.08684e-010 8.10927e-010 8.12967e-010 8.14805e-010 8.1644e-010 8.17872e-010 8.191e-010 8.20123e-010 8.20942e-010 8.21556e-010 8.21966e-010 8.22171e-010 8.22171e-010 8.21966e-010 8.21556e-010 8.20942e-010 8.20123e-010 8.191e-010 8.17872e-010 8.1644e-010 8.14805e-010 8.12967e-010 8.10927e-010 8.08684e-010 8.0624e-010 8.03595e-010 8.00749e-010 7.97704e-010 7.9446e-010 7.91019e-010 7.8738e-010 7.83544e-010 7.79514e-010 7.75289e-010 7.70871e-010 7.66261e-010 7.6146e-010 7.56469e-010 7.5129e-010 7.45923e-010 7.40371e-010 7.34634e-010 7.28714e-010 7.22612e-010 7.1633e-010 7.0987e-010 7.03233e-010 6.9642e-010 6.89434e-010 6.82277e-010 6.74949e-010 6.67452e-010 6.5979e-010 6.51963e-010 6.43974e-010 6.35824e-010 6.27516e-010 6.19051e-010 6.10432e-010 6.01661e-010 5.9274e-010 5.83671e-010 5.74457e-010 5.65099e-010 5.55601e-010 5.45964e-010 5.36192e-010 5.26285e-010 5.16248e-010 5.06081e-010 4.95789e-010 4.85373e-010 4.74836e-010 4.64181e-010 4.5341e-010 4.42526e-010 4.31532e-010 4.2043e-010 4.09223e-010 3.97915e-010 3.86507e-010 3.75003e-010 3.63406e-010 3.51718e-010 3.39942e-010 3.28082e-010 3.16139e-010 3.04119e-010 2.92022e-010 2.79852e-010 2.67613e-010 2.55307e-010 2.42937e-010 2.30507e-010 2.1802e-010 2.05478e-010 1.92885e-010 1.80243e-010 1.67557e-010 1.54829e-010 1.42063e-010 1.29261e-010 1.16427e-010 1.03564e-010 9.06747e-011 7.77632e-011 6.48323e-011 5.18852e-011 3.89253e-011 2.59556e-011 1.29794e-011 0 
0 1.19869e-010 2.39708e-010 3.59487e-010 4.79176e-010 5.98747e-010 7.18168e-010 8.3741e-010 9.56443e-010 1.07524e-009 1.19376e-009 1.31199e-009 1.4299e-009 1.54744e-009 1.6646e-009 1.78135e-009 1.89765e-009 2.01348e-009 2.12881e-009 2.2436e-009 2.35784e-009 2.47149e-009 2.58452e-009 2.69691e-009 2.80863e-009 2.91965e-009 3.02994e-009 3.13947e-009 3.24822e-009 3.35617e-009 3.46327e-009 3.56952e-009 3.67487e-009 3.77931e-009 3.8828e-009 3.98533e-009 4.08687e-009 4.18738e-009 4.28685e-009 4.38526e-009 4.48257e-009 4.57876e-009 4.67382e-009 4.76771e-009 4.86041e-009 4.9519e-009 5.04215e-009 5.13115e-009 5.21887e-009 5.30529e-009 5.39038e-009 5.47414e-009 5.55653e-009 5.63753e-009 5.71713e-009 5.7953e-009 5.87203e-009 5.9473e-009 6.02108e-009 6.09337e-009 6.16413e-009 6.23336e-009 6.30104e-009 6.36714e-009 6.43166e-009 6.49458e-009 6.55587e-009 6.61553e-009 6.67355e-009 6.7299e-009 6.78457e-009 6.83756e-009 6.88884e-009 6.9384e-009 6.98623e-009 7.03232e-009 7.07666e-009 7.11924e-009 7.16004e-009 7.19905e-009 7.23628e-009 7.2717e-009 7.3053e-009 7.33709e-009 7.36705e-009 7.39517e-009 7.42145e-009 7.44588e-009 7.46845e-009 7.48916e-009 7.50801e-009 7.52498e-009 7.54008e-009 7.5533e-009 7.56464e-009 7.57409e-009 7.58166e-009 7.58733e-009 7.59112e-009 7.59301e-009 7.59301e-009 7.59112e-009 7.58733e-009 7.58166e-009 7.57409e-009 7.56464e-009 7.5533e-009 7.54008e-009 7.52498e-009 7.50801e-009 7.48916e-009 7.46845e-009 7.44588e-009 7.42145e-009 7.39517e-009 7.36705e-009 7.33709e-009 7.3053e-009 7.2717e-009 7.23628e-009 7.19905e-009 7.16004e-009 7.11924e-009 7.07666e-009 7.03232e-009 6.98623e-009 6.9384e-009 6.88884e-009 6.83756e-009 6.78457e-009 6.7299e-009 6.67355e-009 6.61553e-009 6.55587e-009 6.49458e-009 6.43166e-009 6.36714e-009 6.30104e-009 6.23336e-009 6.16413e-009 6.09337e-009 6.02108e-009 5.9473e-009 5.87203e-009 5.7953e-009 5.71713e-009 5.63753e-009 5.55653e-009 5.47414e-009 5.39038e-009 5.30529e-009 5.21887e-009 5.13115e-009 5.04215e-009 4.9519e-009 4.86041e-009 4.76771e-009 4.67382e-009 4.57876e-009 4.48257e-009 4.38526e-009 4.28685e-009 4.18738e-009 4.08687e-009 3.98533e-009 3.8828e-009 3.77931e-009 3.67487e-009 3.56952e-009 3.46327e-009 3.35617e-009 3.24822e-009 3.13947e-009 3.02994e-009 2.91965e-009 2.80863e-009 2.69691e-009 2.58452e-009 2.47149e-009 2.35784e-009 2.2436e-009 2.12881e-009 2.01348e-009 1.89765e-009 1.78135e-009 1.6646e-009 1.54744e-009 1.4299e-009 1.31199e-009 1.19376e-009 1.07524e-009 9.56443e-010 8.3741e-010 7.18168e-010 5.98747e-010 4.79176e-010 3.59487e-010 2.39708e-010 1.19869e-010 0 
0 9.03656e-010 1.80709e-009 2.71007e-009 3.61237e-009 4.51378e-009 5.41406e-009 6.31299e-009 7.21035e-009 8.10591e-009 8.99944e-009 9.89074e-009 1.07796e-008 1.16657e-008 1.2549e-008 1.34291e-008 1.43058e-008 1.5179e-008 1.60484e-008 1.69139e-008 1.77751e-008 1.86318e-008 1.9484e-008 2.03312e-008 2.11734e-008 2.20104e-008 2.28418e-008 2.36676e-008 2.44874e-008 2.53012e-008 2.61086e-008 2.69095e-008 2.77038e-008 2.84911e-008 2.92713e-008 3.00443e-008 3.08097e-008 3.15675e-008 3.23174e-008 3.30592e-008 3.37928e-008 3.4518e-008 3.52346e-008 3.59424e-008 3.66412e-008 3.73309e-008 3.80113e-008 3.86822e-008 3.93435e-008 3.9995e-008 4.06365e-008 4.12679e-008 4.1889e-008 4.24997e-008 4.30998e-008 4.36891e-008 4.42676e-008 4.4835e-008 4.53912e-008 4.59361e-008 4.64696e-008 4.69915e-008 4.75017e-008 4.8e-008 4.84864e-008 4.89607e-008 4.94228e-008 4.98726e-008 5.031e-008 5.07348e-008 5.11469e-008 5.15464e-008 5.19329e-008 5.23066e-008 5.26672e-008 5.30146e-008 5.33489e-008 5.36699e-008 5.39774e-008 5.42716e-008 5.45522e-008 5.48192e-008 5.50726e-008 5.53122e-008 5.5538e-008 5.575e-008 5.59481e-008 5.61323e-008 5.63025e-008 5.64586e-008 5.66007e-008 5.67287e-008 5.68425e-008 5.69421e-008 5.70276e-008 5.70989e-008 5.71559e-008 5.71987e-008 5.72272e-008 5.72415e-008 5.72415e-008 5.72272e-008 5.71987e-008 5.71559e-008 5.70989e-008 5.70276e-008 5.69421e-008 5.68425e-008 5.67287e-008 5.66007e-008 5.64586e-008 5.63025e-008 5.61323e-008 5.59481e-008 5.575e-008 5.5538e-008 5.53122e-008 5.50726e-008 5.48192e-008 5.45522e-008 5.42716e-008 5.39774e-008 5.36699e-008 5.33489e-008 5.30146e-008 5.26672e-008 5.23066e-008 5.19329e-008 5.15464e-008 5.11469e-008 5.07348e-008 5.031e-008 4.98726e-008 4.94228e-008 4.89607e-008 4.84864e-008 4.8e-008 4.75017e-008 4.69915e-008 4.64696e-008 4.59361e-008 4.53912e-008 4.4835e-008 4.42676e-008 4.36891e-008 4.30998e-008 4.24997e-008 4.1889e-008 4.12679e-008 4.06365e-008 3.9995e-008 3.93435e-008 3.86822e-008 3.80113e-008 3.73309e-008 3.66412e-008 3.59424e-008 3.52346e-008 3.4518e-008 3.37928e-008 3.30592e-008 3.23174e-008 3.15675e-008 3.08097e-008 3.00443e-008 2.92713e-008 2.84911e-008 2.77038e-008 2.69095e-008 2.61086e-008 2.53012e-008 2.44874e-008 2.36676e-008 2.28418e-008 2.20104e-008 2.11734e-008 2.03312e-008 1.9484e-008 1.86318e-008 1.77751e-008 1.69139e-008 1.60484e-008 1.5179e-008 1.43058e-008 1.34291e-008 1.2549e-008 1.16657e-008 1.07796e-008 9.89074e-009 8.99944e-009 8.10591e-009 7.21035e-009 6.31299e-009 5.41406e-009 4.51378e-009 3.61237e-009 2.71007e-009 1.80709e-009 9.03656e-010 0 
0 5.71796e-009 1.14345e-008 1.71482e-008 2.28576e-008 2.85613e-008 3.42579e-008 3.9946e-008 4.56241e-008 5.12908e-008 5.69448e-008 6.25845e-008 6.82087e-008 7.38159e-008 7.94046e-008 8.49736e-008 9.05214e-008 9.60466e-008 1.01548e-007 1.07024e-007 1.12473e-007 1.17895e-007 1.23286e-007 1.28648e-007 1.33977e-007 1.39273e-007 1.44534e-007 1.49759e-007 1.54946e-007 1.60095e-007 1.65204e-007 1.70272e-007 1.75298e-007 1.8028e-007 1.85217e-007 1.90108e-007 1.94951e-007 1.99746e-007 2.04491e-007 2.09185e-007 2.13827e-007 2.18416e-007 2.2295e-007 2.27428e-007 2.3185e-007 2.36215e-007 2.4052e-007 2.44765e-007 2.4895e-007 2.53072e-007 2.57131e-007 2.61126e-007 2.65056e-007 2.68921e-007 2.72718e-007 2.76447e-007 2.80107e-007 2.83697e-007 2.87217e-007 2.90665e-007 2.9404e-007 2.97343e-007 3.00571e-007 3.03724e-007 3.06802e-007 3.09803e-007 3.12727e-007 3.15573e-007 3.18341e-007 3.21029e-007 3.23637e-007 3.26164e-007 3.2861e-007 3.30974e-007 3.33256e-007 3.35455e-007 3.3757e-007 3.39601e-007 3.41547e-007 3.43408e-007 3.45184e-007 3.46873e-007 3.48476e-007 3.49993e-007 3.51422e-007 3.52763e-007 3.54017e-007 3.55182e-007 3.56259e-007 3.57247e-007 3.58146e-007 3.58956e-007 3.59676e-007 3.60306e-007 3.60847e-007 3.61298e-007 3.61659e-007 3.6193e-007 3.6211e-007 3.622e-007 3.622e-007 3.6211e-007 3.6193e-007 3.61659e-007 3.61298e-007 3.60847e-007 3.60306e-007 3.59676e-007 3.58956e-007 3.58146e-007 3.57247e-007 3.56259e-007 3.55182e-007 3.54017e-007 3.52763e-007 3.51422e-007 3.49993e-007 3.48476e-007 3.46873e-007 3.45184e-007 3.43408e-007 3.41547e-007 3.39601e-007 3.3757e-007 3.35455e-007 3.33256e-007 3.30974e-007 3.2861e-007 3.26164e-007 3.23637e-007 3.21029e-007 3.18341e-007 3.15573e-007 3.12727e-007 3.09803e-007 3.06802e-007 3.03724e-007 3.00571e-007 2.97343e-007 2.9404e-007 2.90665e-007 2.87217e-007 2.83697e-007 2.80107e-007 2.76447e-007 2.72718e-007 2.68921e-007 2.65056e-007 2.61126e-007 2.57131e-007 2.53072e-007 2.4895e-007 2.44765e-007 2.4052e-007 2.36215e-007 2.3185e-007 2.27428e-007 2.2295e-007 2.18416e-007 2.13827e-007 2.09185e-007 2.04491e-007 1.99746e-007 1.94951e-007 1.90108e-007 1.85217e-007 1.8028e-007 1.75298e-007 1.70272e-007 1.65204e-007 1.60095e-007 1.54946e-007 1.49759e-007 1.44534e-007 1.39273e-007 1.33977e-007 1.28648e-007 1.23286e-007 1.17895e-007 1.12473e-007 1.07024e-007 1.01548e-007 9.60466e-008 9.05214e-008 8.49736e-008 7.94046e-008 7.38159e-008 6.82087e-008 6.25845e-008 5.69448e-008 5.12908e-008 4.56241e-008 3.9946e-008 3.42579e-008 2.85613e-008 2.28576e-008 1.71482e-008 1.14345e-008 5.71796e-009 0 
0 3.09912e-008 6.19747e-008 9.29427e-008 1.23888e-007 1.54802e-007 1.85677e-007 2.16506e-007 2.47281e-007 2.77995e-007 3.08639e-007 3.39207e-007 3.69689e-007 4.0008e-007 4.30371e-007 4.60555e-007 4.90624e-007 5.2057e-007 5.50387e-007 5.80067e-007 6.09602e-007 6.38986e-007 6.6821e-007 6.97267e-007 7.26151e-007 7.54854e-007 7.83368e-007 8.11688e-007 8.39805e-007 8.67713e-007 8.95404e-007 9.22872e-007 9.50111e-007 9.77112e-007 1.00387e-006 1.03038e-006 1.05663e-006 1.08262e-006 1.10834e-006 1.13378e-006 1.15894e-006 1.18381e-006 1.20838e-006 1.23266e-006 1.25662e-006 1.28028e-006 1.30361e-006 1.32662e-006 1.3493e-006 1.37164e-006 1.39364e-006 1.4153e-006 1.4366e-006 1.45754e-006 1.47812e-006 1.49833e-006 1.51817e-006 1.53763e-006 1.55671e-006 1.5754e-006 1.59369e-006 1.61159e-006 1.62909e-006 1.64618e-006 1.66286e-006 1.67913e-006 1.69497e-006 1.7104e-006 1.7254e-006 1.73997e-006 1.7541e-006 1.7678e-006 1.78106e-006 1.79387e-006 1.80624e-006 1.81816e-006 1.82962e-006 1.84063e-006 1.85118e-006 1.86126e-006 1.87089e-006 1.88004e-006 1.88873e-006 1.89695e-006 1.9047e-006 1.91197e-006 1.91876e-006 1.92508e-006 1.93091e-006 1.93627e-006 1.94114e-006 1.94553e-006 1.94943e-006 1.95285e-006 1.95578e-006 1.95823e-006 1.96018e-006 1.96165e-006 1.96263e-006 1.96312e-006 1.96312e-006 1.96263e-006 1.96165e-006 1.96018e-006 1.95823e-006 1.95578e-006 1.95285e-006 1.94943e-006 1.94553e-006 1.94114e-006 1.93627e-006 1.93091e-006 1.92508e-006 1.91876e-006 1.91197e-006 1.9047e-006 1.89695e-006 1.88873e-006 1.88004e-006 1.87089e-006 1.86126e-006 1.85118e-006 1.84063e-006 1.82962e-006 1.81816e-006 1.80624e-006 1.79387e-006 1.78106e-006 1.7678e-006 1.7541e-006 1.73997e-006 1.7254e-006 1.7104e-006 1.69497e-006 1.67913e-006 1.66286e-006 1.64618e-006 1.62909e-006 1.61159e-006 1.59369e-006 1.5754e-006 1.55671e-006 1.53763e-006 1.51817e-006 1.49833e-006 1.47812e-006 1.45754e-006 1.4366e-006 1.4153e-006 1.39364e-006 1.37164e-006 1.3493e-006 1.32662e-006 1.30361e-006 1.28028e-006 1.25662e-006 1.23266e-006 1.20838e-006 1.18381e-006 1.15894e-006 1.13378e-006 1.10834e-006 1.08262e-006 1.05663e-006 1.03038e-006 1.00387e-006 9.77112e-007 9.50111e-007 9.22872e-007 8.95404e-007 8.67713e-007 8.39805e-007 8.11688e-007 7.83368e-007 7.54854e-007 7.26151e-007 6.97267e-007 6.6821e-007 6.38986e-007 6.09602e-007 5.80067e-007 5.50387e-007 5.2057e-007 4.90624e-007 4.60555e-007 4.30371e-007 4.0008e-007 3.69689e-007 3.39207e-007 3.08639e-007 2.77995e-007 2.47281e-007 2.16506e-007 1.85677e-007 1.54802e-007 1.23888e-007 9.29427e-008 6.19747e-008 3.09912e-008 0 
0 1.46117e-007 2.92198e-007 4.38206e-007 5.84105e-007 7.29858e-007 8.7543e-007 1.02078e-006 1.16588e-006 1.31069e-006 1.45517e-006 1.59929e-006 1.74301e-006 1.8863e-006 2.02911e-006 2.17142e-006 2.31319e-006 2.45438e-006 2.59496e-006 2.7349e-006 2.87415e-006 3.01269e-006 3.15047e-006 3.28747e-006 3.42365e-006 3.55898e-006 3.69342e-006 3.82694e-006 3.95951e-006 4.09109e-006 4.22165e-006 4.35116e-006 4.47958e-006 4.60689e-006 4.73305e-006 4.85803e-006 4.98179e-006 5.10432e-006 5.22558e-006 5.34553e-006 5.46415e-006 5.58141e-006 5.69728e-006 5.81172e-006 5.92472e-006 6.03625e-006 6.14626e-006 6.25475e-006 6.36168e-006 6.46702e-006 6.57075e-006 6.67284e-006 6.77327e-006 6.87202e-006 6.96905e-006 7.06434e-006 7.15787e-006 7.24962e-006 7.33956e-006 7.42767e-006 7.51393e-006 7.59832e-006 7.68082e-006 7.7614e-006 7.84004e-006 7.91674e-006 7.99146e-006 8.06418e-006 8.1349e-006 8.20359e-006 8.27024e-006 8.33482e-006 8.39733e-006 8.45775e-006 8.51605e-006 8.57224e-006 8.62629e-006 8.67818e-006 8.72792e-006 8.77548e-006 8.82085e-006 8.86403e-006 8.90499e-006 8.94374e-006 8.98026e-006 9.01454e-006 9.04657e-006 9.07635e-006 9.10387e-006 9.12911e-006 9.15209e-006 9.17278e-006 9.19118e-006 9.2073e-006 9.22112e-006 9.23264e-006 9.24186e-006 9.24878e-006 9.25339e-006 9.2557e-006 9.2557e-006 9.25339e-006 9.24878e-006 9.24186e-006 9.23264e-006 9.22112e-006 9.2073e-006 9.19118e-006 9.17278e-006 9.15209e-006 9.12911e-006 9.10387e-006 9.07635e-006 9.04657e-006 9.01454e-006 8.98026e-006 8.94374e-006 8.90499e-006 8.86403e-006 8.82085e-006 8.77548e-006 8.72792e-006 8.67818e-006 8.62629e-006 8.57224e-006 8.51605e-006 8.45775e-006 8.39733e-006 8.33482e-006 8.27024e-006 8.20359e-006 8.1349e-006 8.06418e-006 7.99146e-006 7.91674e-006 7.84004e-006 7.7614e-006 7.68082e-006 7.59832e-006 7.51393e-006 7.42767e-006 7.33956e-006 7.24962e-006 7.15787e-006 7.06434e-006 6.96905e-006 6.87202e-006 6.77327e-006 6.67284e-006 6.57075e-006 6.46702e-006 6.36168e-006 6.25475e-006 6.14626e-006 6.03625e-006 5.92472e-006 5.81172e-006 5.69728e-006 5.58141e-006 5.46415e-006 5.34553e-006 5.22558e-006 5.10432e-006 4.98179e-006 4.85803e-006 4.73305e-006 4.60689e-006 4.47958e-006 4.35116e-006 4.22165e-006 4.09109e-006 3.95951e-006 3.82694e-006 3.69342e-006 3.55898e-006 3.42365e-006 3.28747e-006 3.15047e-006 3.01269e-006 2.87415e-006 2.7349e-006 2.59496e-006 2.45438e-006 2.31319e-006 2.17142e-006 2.02911e-006 1.8863e-006 1.74301e-006 1.59929e-006 1.45517e-006 1.31069e-006 1.16588e-006 1.02078e-006 8.7543e-007 7.29858e-007 5.84105e-007 4.38206e-007 2.92198e-007 1.46117e-007 0 
0 6.06595e-007 1.21304e-006 1.81918e-006 2.42487e-006 3.02995e-006 3.63428e-006 4.2377e-006 4.84007e-006 5.44123e-006 6.04103e-006 6.63933e-006 7.23597e-006 7.83081e-006 8.4237e-006 9.01449e-006 9.60303e-006 1.01892e-005 1.07728e-005 1.13537e-005 1.19318e-005 1.25069e-005 1.30789e-005 1.36477e-005 1.4213e-005 1.47748e-005 1.5333e-005 1.58873e-005 1.64376e-005 1.69838e-005 1.75258e-005 1.80635e-005 1.85966e-005 1.91251e-005 1.96489e-005 2.01677e-005 2.06815e-005 2.11902e-005 2.16936e-005 2.21916e-005 2.2684e-005 2.31708e-005 2.36518e-005 2.41269e-005 2.4596e-005 2.5059e-005 2.55157e-005 2.59661e-005 2.641e-005 2.68473e-005 2.7278e-005 2.77018e-005 2.81187e-005 2.85286e-005 2.89315e-005 2.93271e-005 2.97153e-005 3.00962e-005 3.04696e-005 3.08354e-005 3.11935e-005 3.15438e-005 3.18863e-005 3.22208e-005 3.25473e-005 3.28657e-005 3.31759e-005 3.34778e-005 3.37714e-005 3.40566e-005 3.43333e-005 3.46014e-005 3.48609e-005 3.51117e-005 3.53537e-005 3.5587e-005 3.58114e-005 3.60268e-005 3.62333e-005 3.64307e-005 3.66191e-005 3.67983e-005 3.69684e-005 3.71293e-005 3.72809e-005 3.74232e-005 3.75561e-005 3.76798e-005 3.7794e-005 3.78988e-005 3.79942e-005 3.80801e-005 3.81565e-005 3.82234e-005 3.82808e-005 3.83286e-005 3.83669e-005 3.83956e-005 3.84147e-005 3.84243e-005 3.84243e-005 3.84147e-005 3.83956e-005 3.83669e-005 3.83286e-005 3.82808e-005 3.82234e-005 3.81565e-005 3.80801e-005 3.79942e-005 3.78988e-005 3.7794e-005 3.76798e-005 3.75561e-005 3.74232e-005 3.72809e-005 3.71293e-005 3.69684e-005 3.67983e-005 3.66191e-005 3.64307e-005 3.62333e-005 3.60268e-005 3.58114e-005 3.5587e-005 3.53537e-005 3.51117e-005 3.48609e-005 3.46014e-005 3.43333e-005 3.40566e-005 3.37714e-005 3.34778e-005 3.31759e-005 3.28657e-005 3.25473e-005 3.22208e-005 3.18863e-005 3.15438e-005 3.11935e-005 3.08354e-005 3.04696e-005 3.00962e-005 2.97153e-005 2.93271e-005 2.89315e-005 2.85286e-005 2.81187e-005 2.77018e-005 2.7278e-005 2.68473e-005 2.641e-005 2.59661e-005 2.55157e-005 2.5059e-005 2.4596e-005 2.41269e-005 2.36518e-005 2.31708e-005 2.2684e-005 2.21916e-005 2.16936e-005 2.11902e-005 2.06815e-005 2.01677e-005 1.96489e-005 1.91251e-005 1.85966e-005 1.80635e-005 1.75258e-005 1.69838e-005 1.64376e-005 1.58873e-005 1.5333e-005 1.47748e-005 1.4213e-005 1.36477e-005 1.30789e-005 1.25069e-005 1.19318e-005 1.13537e-005 1.07728e-005 1.01892e-005 9.60303e-006 9.01449e-006 8.4237e-006 7.83081e-006 7.23597e-006 6.63933e-006 6.04103e-006 5.44123e-006 4.84007e-006 4.2377e-006 3.63428e-006 3.02995e-006 2.42487e-006 1.81918e-006 1.21304e-006 6.06595e-007 0 
0 2.23911e-006 4.47767e-006 6.71511e-006 8.95088e-006 1.11844e-005 1.34152e-005 1.56426e-005 1.78661e-005 2.00851e-005 2.22992e-005 2.45077e-005 2.671e-005 2.89058e-005 3.10943e-005 3.32751e-005 3.54476e-005 3.76112e-005 3.97655e-005 4.19098e-005 4.40438e-005 4.61667e-005 4.82781e-005 5.03775e-005 5.24644e-005 5.45382e-005 5.65983e-005 5.86444e-005 6.06759e-005 6.26922e-005 6.46929e-005 6.66775e-005 6.86455e-005 7.05963e-005 7.25296e-005 7.44448e-005 7.63415e-005 7.82191e-005 8.00772e-005 8.19154e-005 8.37331e-005 8.553e-005 8.73056e-005 8.90594e-005 9.0791e-005 9.25e-005 9.41859e-005 9.58484e-005 9.74869e-005 9.91012e-005 0.000100691 0.000102255 0.000103794 0.000105307 0.000106794 0.000108255 0.000109688 0.000111094 0.000112472 0.000113822 0.000115144 0.000116437 0.000117702 0.000118936 0.000120142 0.000121317 0.000122462 0.000123576 0.00012466 0.000125713 0.000126734 0.000127724 0.000128681 0.000129607 0.000130501 0.000131362 0.00013219 0.000132985 0.000133747 0.000134476 0.000135172 0.000135833 0.000136461 0.000137055 0.000137614 0.00013814 0.00013863 0.000139087 0.000139508 0.000139895 0.000140247 0.000140564 0.000140847 0.000141093 0.000141305 0.000141482 0.000141623 0.000141729 0.0001418 0.000141835 0.000141835 0.0001418 0.000141729 0.000141623 0.000141482 0.000141305 0.000141093 0.000140847 0.000140564 0.000140247 0.000139895 0.000139508 0.000139087 0.00013863 0.00013814 0.000137614 0.000137055 0.000136461 0.000135833 0.000135172 0.000134476 0.000133747 0.000132985 0.00013219 0.000131362 0.000130501 0.000129607 0.000128681 0.000127724 0.000126734 0.000125713 0.00012466 0.000123576 0.000122462 0.000121317 0.000120142 0.000118936 0.000117702 0.000116437 0.000115144 0.000113822 0.000112472 0.000111094 0.000109688 0.000108255 0.000106794 0.000105307 0.000103794 0.000102255 0.000100691 9.91012e-005 9.74869e-005 9.58484e-005 9.41859e-005 9.25e-005 9.0791e-005 8.90594e-005 8.73056e-005 8.553e-005 8.37331e-005 8.19154e-005 8.00772e-005 7.82191e-005 7.63415e-005 7.44448e-005 7.25296e-005 7.05963e-005 6.86455e-005 6.66775e-005 6.46929e-005 6.26922e-005 6.06759e-005 5.86444e-005 5.65983e-005 5.45382e-005 5.24644e-005 5.03775e-005 4.82781e-005 4.61667e-005 4.40438e-005 4.19098e-005 3.97655e-005 3.76112e-005 3.54476e-005 3.32751e-005 3.10943e-005 2.89058e-005 2.671e-005 2.45077e-005 2.22992e-005 2.00851e-005 1.78661e-005 1.56426e-005 1.34152e-005 1.11844e-005 8.95088e-006 6.71511e-006 4.47767e-006 2.23911e-006 0 
0 7.40855e-006 1.48153e-005 2.22183e-005 2.96157e-005 3.70058e-005 4.43867e-005 5.17565e-005 5.91134e-005 6.64556e-005 7.37812e-005 8.10884e-005 8.83754e-005 9.56404e-005 0.000102882 0.000110097 0.000117285 0.000124444 0.000131572 0.000138667 0.000145727 0.000152752 0.000159738 0.000166684 0.000173589 0.00018045 0.000187267 0.000194037 0.000200758 0.000207429 0.000214049 0.000220616 0.000227127 0.000233582 0.000239978 0.000246315 0.000252591 0.000258803 0.000264951 0.000271033 0.000277047 0.000282993 0.000288868 0.00029467 0.0003004 0.000306054 0.000311633 0.000317133 0.000322555 0.000327896 0.000333155 0.000338332 0.000343424 0.00034843 0.00035335 0.000358182 0.000362924 0.000367576 0.000372136 0.000376604 0.000380977 0.000385256 0.000389439 0.000393524 0.000397512 0.0004014 0.000405189 0.000408876 0.000412462 0.000415945 0.000419324 0.000422599 0.000425768 0.000428831 0.000431787 0.000434636 0.000437377 0.000440008 0.00044253 0.000444941 0.000447242 0.000449431 0.000451508 0.000453472 0.000455324 0.000457062 0.000458686 0.000460196 0.000461591 0.000462871 0.000464036 0.000465085 0.000466018 0.000466835 0.000467536 0.00046812 0.000468588 0.000468939 0.000469173 0.00046929 0.00046929 0.000469173 0.000468939 0.000468588 0.00046812 0.000467536 0.000466835 0.000466018 0.000465085 0.000464036 0.000462871 0.000461591 0.000460196 0.000458686 0.000457062 0.000455324 0.000453472 0.000451508 0.000449431 0.000447242 0.000444941 0.00044253 0.000440008 0.000437377 0.000434636 0.000431787 0.000428831 0.000425768 0.000422599 0.000419324 0.000415945 0.000412462 0.000408876 0.000405189 0.0004014 0.000397512 0.000393524 0.000389439 0.000385256 0.000380977 0.000376604 0.000372136 0.000367576 0.000362924 0.000358182 0.00035335 0.00034843 0.000343424 0.000338332 0.000333155 0.000327896 0.000322555 0.000317133 0.000311633 0.000306054 0.0003004 0.00029467 0.000288868 0.000282993 0.000277047 0.000271033 0.000264951 0.000258803 0.000252591 0.000246315 0.000239978 0.000233582 0.000227127 0.000220616 0.000214049 0.000207429 0.000200758 0.000194037 0.000187267 0.00018045 0.000173589 0.000166684 0.000159738 0.000152752 0.000145727 0.000138667 0.000131572 0.000124444 0.000117285 0.000110097 0.000102882 9.56404e-005 8.83754e-005 8.10884e-005 7.37812e-005 6.64556e-005 5.91134e-005 5.17565e-005 4.43867e-005 3.70058e-005 2.96157e-005 2.22183e-005 1.48153e-005 7.40855e-006 0 
0 2.21211e-005 4.42367e-005 6.63413e-005 8.84293e-005 0.000110495 0.000132534 0.000154539 0.000176506 0.000198429 0.000220303 0.000242121 0.000263879 0.000285572 0.000307193 0.000328738 0.000350201 0.000371576 0.000392859 0.000414044 0.000435126 0.000456099 0.000476959 0.0004977 0.000518317 0.000538804 0.000559158 0.000579372 0.000599441 0.000619362 0.000639127 0.000658734 0.000678176 0.00069745 0.000716549 0.00073547 0.000754208 0.000772758 0.000791115 0.000809275 0.000827233 0.000844985 0.000862527 0.000879853 0.000896961 0.000913844 0.0009305 0.000946925 0.000963113 0.000979061 0.000994765 0.00101022 0.00102543 0.00104037 0.00105506 0.00106949 0.00108365 0.00109754 0.00111116 0.0011245 0.00113756 0.00115033 0.00116282 0.00117502 0.00118693 0.00119854 0.00120985 0.00122086 0.00123157 0.00124197 0.00125205 0.00126183 0.0012713 0.00128044 0.00128927 0.00129778 0.00130596 0.00131382 0.00132134 0.00132855 0.00133541 0.00134195 0.00134815 0.00135402 0.00135955 0.00136474 0.00136959 0.00137409 0.00137826 0.00138208 0.00138556 0.00138869 0.00139148 0.00139392 0.00139601 0.00139776 0.00139915 0.0014002 0.0014009 0.00140125 0.00140125 0.0014009 0.0014002 0.00139915 0.00139776 0.00139601 0.00139392 0.00139148 0.00138869 0.00138556 0.00138208 0.00137826 0.00137409 0.00136959 0.00136474 0.00135955 0.00135402 0.00134815 0.00134195 0.00133541 0.00132855 0.00132134 0.00131382 0.00130596 0.00129778 0.00128927 0.00128044 0.0012713 0.00126183 0.00125205 0.00124197 0.00123157 0.00122086 0.00120985 0.00119854 0.00118693 0.00117502 0.00116282 0.00115033 0.00113756 0.0011245 0.00111116 0.00109754 0.00108365 0.00106949 0.00105506 0.00104037 0.00102543 0.00101022 0.000994765 0.000979061 0.000963113 0.000946925 0.0009305 0.000913844 0.000896961 0.000879853 0.000862527 0.000844985 0.000827233 0.000809275 0.000791115 0.000772758 0.000754208 0.00073547 0.000716549 0.00069745 0.000678176 0.000658734 0.000639127 0.000619362 0.000599441 0.000579372 0.000559158 0.000538804 0.000518317 0.0004977 0.000476959 0.000456099 0.000435126 0.000414044 0.000392859 0.000371576 0.000350201 0.000328738 0.000307193 0.000285572 0.000263879 0.000242121 0.000220303 0.000198429 0.000176506 0.000154539 0.000132534 0.000110495 8.84293e-005 6.63413e-005 4.42367e-005 2.21211e-005 0 
0 5.99527e-005 0.00011989 0.000179798 0.000239661 0.000299465 0.000359194 0.000418833 0.000478368 0.000537783 0.000597065 0.000656198 0.000715167 0.000773958 0.000832556 0.000890947 0.000949115 0.00100705 0.00106473 0.00112214 0.00117928 0.00123612 0.00129266 0.00134887 0.00140474 0.00146027 0.00151543 0.00157022 0.00162461 0.0016786 0.00173217 0.0017853 0.001838 0.00189023 0.00194199 0.00199327 0.00204406 0.00209433 0.00214408 0.0021933 0.00224197 0.00229008 0.00233762 0.00238458 0.00243095 0.0024767 0.00252185 0.00256636 0.00261023 0.00265345 0.00269602 0.0027379 0.00277911 0.00281963 0.00285944 0.00289854 0.00293691 0.00297456 0.00301146 0.00304761 0.00308301 0.00311763 0.00315148 0.00318454 0.00321681 0.00324828 0.00327894 0.00330878 0.00333779 0.00336598 0.00339332 0.00341982 0.00344547 0.00347026 0.00349418 0.00351724 0.00353941 0.00356071 0.00358111 0.00360063 0.00361925 0.00363696 0.00365377 0.00366967 0.00368465 0.00369872 0.00371186 0.00372408 0.00373537 0.00374573 0.00375515 0.00376364 0.00377119 0.00377781 0.00378348 0.0037882 0.00379199 0.00379483 0.00379672 0.00379766 0.00379766 0.00379672 0.00379483 0.00379199 0.0037882 0.00378348 0.00377781 0.00377119 0.00376364 0.00375515 0.00374573 0.00373537 0.00372408 0.00371186 0.00369872 0.00368465 0.00366967 0.00365377 0.00363696 0.00361925 0.00360063 0.00358111 0.00356071 0.00353941 0.00351724 0.00349418 0.00347026 0.00344547 0.00341982 0.00339332 0.00336598 0.00333779 0.00330878 0.00327894 0.00324828 0.00321681 0.00318454 0.00315148 0.00311763 0.00308301 0.00304761 0.00301146 0.00297456 0.00293691 0.00289854 0.00285944 0.00281963 0.00277911 0.0027379 0.00269602 0.00265345 0.00261023 0.00256636 0.00252185 0.0024767 0.00243095 0.00238458 0.00233762 0.00229008 0.00224197 0.0021933 0.00214408 0.00209433 0.00204406 0.00199327 0.00194199 0.00189023 0.001838 0.0017853 0.00173217 0.0016786 0.00162461 0.00157022 0.00151543 0.00146027 0.00140474 0.00134887 0.00129266 0.00123612 0.00117928 0.00112214 0.00106473 0.00100705 0.000949115 0.000890947 0.000832556 0.000773958 0.000715167 0.000656198 0.000597065 0.000537783 0.000478368 0.000418833 0.000359194 0.000299465 0.000239661 0.000179798 0.00011989 5.99527e-005 0 
0 0.000148226 0.000296415 0.000444531 0.000592535 0.000740392 0.000888064 0.00103552 0.00118271 0.00132961 0.00147617 0.00162237 0.00176817 0.00191352 0.0020584 0.00220276 0.00234658 0.00248981 0.00263242 0.00277437 0.00291563 0.00305617 0.00319594 0.00333492 0.00347307 0.00361035 0.00374673 0.00388217 0.00401665 0.00415013 0.00428258 0.00441395 0.00454423 0.00467338 0.00480136 0.00492814 0.00505369 0.00517799 0.00530099 0.00542268 0.00554301 0.00566196 0.0057795 0.0058956 0.00601023 0.00612336 0.00623497 0.00634502 0.00645349 0.00656036 0.00666558 0.00676915 0.00687103 0.0069712 0.00706963 0.0071663 0.00726118 0.00735425 0.00744549 0.00753487 0.00762238 0.00770799 0.00779167 0.00787342 0.00795319 0.00803099 0.00810679 0.00818057 0.00825231 0.00832199 0.0083896 0.00845512 0.00851853 0.00857981 0.00863896 0.00869596 0.00875078 0.00880343 0.00885389 0.00890213 0.00894816 0.00899196 0.00903352 0.00907282 0.00910987 0.00914464 0.00917714 0.00920734 0.00923526 0.00926087 0.00928417 0.00930517 0.00932384 0.00934018 0.0093542 0.00936589 0.00937525 0.00938226 0.00938694 0.00938928 0.00938928 0.00938694 0.00938226 0.00937525 0.00936589 0.0093542 0.00934018 0.00932384 0.00930517 0.00928417 0.00926087 0.00923526 0.00920734 0.00917714 0.00914464 0.00910987 0.00907282 0.00903352 0.00899196 0.00894816 0.00890213 0.00885389 0.00880343 0.00875078 0.00869596 0.00863896 0.00857981 0.00851853 0.00845512 0.0083896 0.00832199 0.00825231 0.00818057 0.00810679 0.00803099 0.00795319 0.00787342 0.00779167 0.00770799 0.00762238 0.00753487 0.00744549 0.00735425 0.00726118 0.0071663 0.00706963 0.0069712 0.00687103 0.00676915 0.00666558 0.00656036 0.00645349 0.00634502 0.00623497 0.00612336 0.00601023 0.0058956 0.0057795 0.00566196 0.00554301 0.00542268 0.00530099 0.00517799 0.00505369 0.00492814 0.00480136 0.00467338 0.00454423 0.00441395 0.00428258 0.00415013 0.00401665 0.00388217 0.00374673 0.00361035 0.00347307 0.00333492 0.00319594 0.00305617 0.00291563 0.00277437 0.00263242 0.00248981 0.00234658 0.00220276 0.0020584 0.00191352 0.00176817 0.00162237 0.00147617 0.00132961 0.00118271 0.00103552 0.000888064 0.000740392 0.000592535 0.000444531 0.000296415 0.000148226 0 
0 0.000335809 0.000671535 0.00100709 0.0013424 0.00167737 0.00201193 0.00234598 0.00267945 0.00301225 0.0033443 0.00367552 0.00400582 0.00433512 0.00466334 0.0049904 0.00531622 0.00564071 0.0059638 0.0062854 0.00660543 0.00692382 0.00724048 0.00755533 0.00786831 0.00817932 0.00848829 0.00879515 0.00909982 0.00940222 0.00970227 0.00999991 0.0102951 0.0105876 0.0108776 0.0111648 0.0114493 0.0117308 0.0120095 0.0122852 0.0125578 0.0128273 0.0130936 0.0133566 0.0136163 0.0138726 0.0141255 0.0143748 0.0146205 0.0148626 0.015101 0.0153357 0.0155665 0.0157934 0.0160164 0.0162354 0.0164504 0.0166612 0.0168679 0.0170704 0.0172687 0.0174626 0.0176522 0.0178374 0.0180181 0.0181944 0.0183661 0.0185333 0.0186958 0.0188537 0.0190068 0.0191552 0.0192989 0.0194378 0.0195718 0.0197009 0.0198251 0.0199444 0.0200587 0.020168 0.0202723 0.0203715 0.0204656 0.0205547 0.0206386 0.0207174 0.020791 0.0208594 0.0209227 0.0209807 0.0210335 0.0210811 0.0211234 0.0211604 0.0211922 0.0212186 0.0212398 0.0212557 0.0212663 0.0212716 0.0212716 0.0212663 0.0212557 0.0212398 0.0212186 0.0211922 0.0211604 0.0211234 0.0210811 0.0210335 0.0209807 0.0209227 0.0208594 0.020791 0.0207174 0.0206386 0.0205547 0.0204656 0.0203715 0.0202723 0.020168 0.0200587 0.0199444 0.0198251 0.0197009 0.0195718 0.0194378 0.0192989 0.0191552 0.0190068 0.0188537 0.0186958 0.0185333 0.0183661 0.0181944 0.0180181 0.0178374 0.0176522 0.0174626 0.0172687 0.0170704 0.0168679 0.0166612 0.0164504 0.0162354 0.0160164 0.0157934 0.0155665 0.0153357 0.015101 0.0148626 0.0146205 0.0143748 0.0141255 0.0138726 0.0136163 0.0133566 0.0130936 0.0128273 0.0125578 0.0122852 0.0120095 0.0117308 0.0114493 0.0111648 0.0108776 0.0105876 0.0102951 0.00999991 0.00970227 0.00940222 0.00909982 0.00879515 0.00848829 0.00817932 0.00786831 0.00755533 0.00724048 0.00692382 0.00660543 0.0062854 0.0059638 0.00564071 0.00531622 0.0049904 0.00466334 0.00433512 0.00400582 0.00367552 0.0033443 0.00301225 0.00267945 0.00234598 0.00201193 0.00167737 0.0013424 0.00100709 0.000671535 0.000335809 0 
0 0.000699954 0.00139973 0.00209916 0.00279807 0.00349628 0.00419362 0.00488992 0.00558499 0.00627868 0.00697079 0.00766118 0.00834965 0.00903604 0.00972018 0.0104019 0.011081 0.0117574 0.0124308 0.0131011 0.0137682 0.0144319 0.0150919 0.0157482 0.0164005 0.0170488 0.0176928 0.0183324 0.0189675 0.0195978 0.0202232 0.0208436 0.0214588 0.0220686 0.022673 0.0232717 0.0238646 0.0244515 0.0250324 0.025607 0.0261752 0.026737 0.027292 0.0278402 0.0283816 0.0289158 0.0294428 0.0299625 0.0304747 0.0309794 0.0314763 0.0319653 0.0324464 0.0329194 0.0333842 0.0338407 0.0342888 0.0347283 0.0351591 0.0355812 0.0359944 0.0363987 0.0367939 0.0371799 0.0375566 0.037924 0.0382819 0.0386303 0.0389691 0.0392982 0.0396174 0.0399268 0.0402262 0.0405156 0.040795 0.0410641 0.041323 0.0415716 0.0418099 0.0420377 0.0422551 0.0424619 0.0426581 0.0428437 0.0430187 0.0431829 0.0433363 0.043479 0.0436108 0.0437317 0.0438418 0.0439409 0.0440291 0.0441063 0.0441725 0.0442277 0.0442718 0.044305 0.0443271 0.0443381 0.0443381 0.0443271 0.044305 0.0442718 0.0442277 0.0441725 0.0441063 0.0440291 0.0439409 0.0438418 0.0437317 0.0436108 0.043479 0.0433363 0.0431829 0.0430187 0.0428437 0.0426581 0.0424619 0.0422551 0.0420377 0.0418099 0.0415716 0.041323 0.0410641 0.040795 0.0405156 0.0402262 0.0399268 0.0396174 0.0392982 0.0389691 0.0386303 0.0382819 0.037924 0.0375566 0.0371799 0.0367939 0.0363987 0.0359944 0.0355812 0.0351591 0.0347283 0.0342888 0.0338407 0.0333842 0.0329194 0.0324464 0.0319653 0.0314763 0.0309794 0.0304747 0.0299625 0.0294428 0.0289158 0.0283816 0.0278402 0.027292 0.026737 0.0261752 0.025607 0.0250324 0.0244515 0.0238646 0.0232717 0.022673 0.0220686 0.0214588 0.0208436 0.0202232 0.0195978 0.0189675 0.0183324 0.0176928 0.0170488 0.0164005 0.0157482 0.0150919 0.0144319 0.0137682 0.0131011 0.0124308 0.0117574 0.011081 0.0104019 0.00972018 0.00903604 0.00834965 0.00766118 0.00697079 0.00627868 0.00558499 0.00488992 0.00419362 0.00349628 0.00279807 0.00209916 0.00139973 0.000699954 0 
0 0.00134736 0.00269439 0.00404074 0.00538609 0.0067301 0.00807243 0.00941274 0.0107507 0.012086 0.0134183 0.0147472 0.0160725 0.0173937 0.0187107 0.0200229 0.0213302 0.0226321 0.0239284 0.0252188 0.0265028 0.0277803 0.0290508 0.0303141 0.0315699 0.0328177 0.0340574 0.0352886 0.036511 0.0377243 0.0389283 0.0401225 0.0413067 0.0424806 0.0436439 0.0447964 0.0459376 0.0470675 0.0481856 0.0492917 0.0503855 0.0514667 0.0525352 0.0535905 0.0546325 0.0556608 0.0566753 0.0576757 0.0586617 0.0596331 0.0605896 0.061531 0.0624571 0.0633676 0.0642623 0.065141 0.0660035 0.0668495 0.0676789 0.0684913 0.0692868 0.0700649 0.0708256 0.0715687 0.0722939 0.073001 0.07369 0.0743607 0.0750128 0.0756462 0.0762607 0.0768563 0.0774327 0.0779897 0.0785274 0.0790455 0.0795439 0.0800224 0.0804811 0.0809196 0.081338 0.0817361 0.0821139 0.0824712 0.0828079 0.083124 0.0834194 0.083694 0.0839477 0.0841805 0.0843923 0.0845831 0.0847529 0.0849015 0.0850289 0.0851351 0.0852202 0.085284 0.0853265 0.0853478 0.0853478 0.0853265 0.085284 0.0852202 0.0851351 0.0850289 0.0849015 0.0847529 0.0845831 0.0843923 0.0841805 0.0839477 0.083694 0.0834194 0.083124 0.0828079 0.0824712 0.0821139 0.0817361 0.081338 0.0809196 0.0804811 0.0800224 0.0795439 0.0790455 0.0785274 0.0779897 0.0774327 0.0768563 0.0762607 0.0756462 0.0750128 0.0743607 0.07369 0.073001 0.0722939 0.0715687 0.0708256 0.0700649 0.0692868 0.0684913 0.0676789 0.0668495 0.0660035 0.065141 0.0642623 0.0633676 0.0624571 0.061531 0.0605896 0.0596331 0.0586617 0.0576757 0.0566753 0.0556608 0.0546325 0.0535905 0.0525352 0.0514667 0.0503855 0.0492917 0.0481856 0.0470675 0.0459376 0.0447964 0.0436439 0.0424806 0.0413067 0.0401225 0.0389283 0.0377243 0.036511 0.0352886 0.0340574 0.0328177 0.0315699 0.0303141 0.0290508 0.0277803 0.0265028 0.0252188 0.0239284 0.0226321 0.0213302 0.0200229 0.0187107 0.0173937 0.0160725 0.0147472 0.0134183 0.012086 0.0107507 0.00941274 0.00807243 0.0067301 0.00538609 0.00404074 0.00269439 0.00134736 0 
0 0.00240376 0.00480693 0.00720889 0.00960906 0.0120068 0.0144016 0.0167928 0.0191798 0.021562 0.0239389 0.0263098 0.0286741 0.0310313 0.0333808 0.0357219 0.0380541 0.0403769 0.0426895 0.0449916 0.0472824 0.0495615 0.0518282 0.0540819 0.0563222 0.0585485 0.0607602 0.0629567 0.0651375 0.0673021 0.06945 0.0715805 0.0736932 0.0757875 0.0778629 0.079919 0.0819551 0.0839707 0.0859655 0.0879388 0.0898902 0.0918193 0.0937254 0.0956082 0.0974671 0.0993018 0.101112 0.102896 0.104655 0.106388 0.108095 0.109774 0.111427 0.113051 0.114647 0.116215 0.117754 0.119263 0.120742 0.122192 0.123611 0.124999 0.126356 0.127682 0.128976 0.130238 0.131467 0.132663 0.133827 0.134957 0.136053 0.137115 0.138144 0.139138 0.140097 0.141021 0.14191 0.142764 0.143582 0.144365 0.145111 0.145821 0.146495 0.147133 0.147733 0.148297 0.148824 0.149314 0.149767 0.150182 0.15056 0.150901 0.151203 0.151469 0.151696 0.151885 0.152037 0.152151 0.152227 0.152265 0.152265 0.152227 0.152151 0.152037 0.151885 0.151696 0.151469 0.151203 0.150901 0.15056 0.150182 0.149767 0.149314 0.148824 0.148297 0.147733 0.147133 0.146495 0.145821 0.145111 0.144365 0.143582 0.142764 0.14191 0.141021 0.140097 0.139138 0.138144 0.137115 0.136053 0.134957 0.133827 0.132663 0.131467 0.130238 0.128976 0.127682 0.126356 0.124999 0.123611 0.122192 0.120742 0.119263 0.117754 0.116215 0.114647 0.113051 0.111427 0.109774 0.108095 0.106388 0.104655 0.102896 0.101112 0.0993018 0.0974671 0.0956082 0.0937254 0.0918193 0.0898902 0.0879388 0.0859655 0.0839707 0.0819551 0.079919 0.0778629 0.0757875 0.0736932 0.0715805 0.06945 0.0673021 0.0651375 0.0629567 0.0607602 0.0585485 0.0563222 0.0540819 0.0518282 0.0495615 0.0472824 0.0449916 0.0426895 0.0403769 0.0380541 0.0357219 0.0333808 0.0310313 0.0286741 0.0263098 0.0239389 0.021562 0.0191798 0.0167928 0.0144016 0.0120068 0.00960906 0.00720889 0.00480693 0.00240376 0 
0 0.0039886 0.0079762 0.0119618 0.0159444 0.0199231 0.0238968 0.0278645 0.0318253 0.0357782 0.0397221 0.0436562 0.0475793 0.0514906 0.0553891 0.0592738 0.0631437 0.0669978 0.0708353 0.0746551 0.0784563 0.082238 0.0859991 0.0897389 0.0934562 0.0971503 0.10082 0.104465 0.108084 0.111675 0.115239 0.118774 0.12228 0.125755 0.129199 0.132611 0.135989 0.139334 0.142644 0.145918 0.149156 0.152357 0.15552 0.158644 0.161728 0.164773 0.167776 0.170737 0.173656 0.176532 0.179363 0.18215 0.184892 0.187587 0.190236 0.192837 0.19539 0.197894 0.20035 0.202755 0.20511 0.207413 0.209665 0.211865 0.214011 0.216105 0.218145 0.22013 0.22206 0.223935 0.225754 0.227517 0.229224 0.230873 0.232465 0.233998 0.235474 0.23689 0.238248 0.239546 0.240785 0.241963 0.243082 0.244139 0.245136 0.246072 0.246946 0.247759 0.24851 0.249199 0.249827 0.250391 0.250894 0.251334 0.251711 0.252025 0.252277 0.252466 0.252592 0.252655 0.252655 0.252592 0.252466 0.252277 0.252025 0.251711 0.251334 0.250894 0.250391 0.249827 0.249199 0.24851 0.247759 0.246946 0.246072 0.245136 0.244139 0.243082 0.241963 0.240785 0.239546 0.238248 0.23689 0.235474 0.233998 0.232465 0.230873 0.229224 0.227517 0.225754 0.223935 0.22206 0.22013 0.218145 0.216105 0.214011 0.211865 0.209665 0.207413 0.20511 0.202755 0.20035 0.197894 0.19539 0.192837 0.190236 0.187587 0.184892 0.18215 0.179363 0.176532 0.173656 0.170737 0.167776 0.164773 0.161728 0.158644 0.15552 0.152357 0.149156 0.145918 0.142644 0.139334 0.135989 0.132611 0.129199 0.125755 0.12228 0.118774 0.115239 0.111675 0.108084 0.104465 0.10082 0.0971503 0.0934562 0.0897389 0.0859991 0.082238 0.0784563 0.0746551 0.0708353 0.0669978 0.0631437 0.0592738 0.0553891 0.0514906 0.0475793 0.0436562 0.0397221 0.0357782 0.0318253 0.0278645 0.0238968 0.0199231 0.0159444 0.0119618 0.0079762 0.0039886 0 
0 0.00617765 0.0123538 0.0185268 0.0246952 0.0308574 0.037012 0.0431573 0.0492919 0.0554142 0.0615227 0.0676159 0.0736922 0.0797501 0.0857882 0.0918049 0.0977987 0.103768 0.109712 0.115628 0.121515 0.127372 0.133198 0.13899 0.144748 0.150469 0.156153 0.161798 0.167403 0.172966 0.178486 0.183961 0.189391 0.194773 0.200107 0.205391 0.210624 0.215804 0.22093 0.226002 0.231017 0.235975 0.240873 0.245712 0.250489 0.255204 0.259856 0.264443 0.268963 0.273417 0.277803 0.282119 0.286365 0.29054 0.294642 0.298671 0.302625 0.306504 0.310307 0.314032 0.317679 0.321247 0.324735 0.328142 0.331467 0.334709 0.337868 0.340943 0.343933 0.346837 0.349655 0.352385 0.355028 0.357582 0.360047 0.362423 0.364708 0.366902 0.369005 0.371016 0.372934 0.374759 0.376491 0.37813 0.379674 0.381123 0.382477 0.383736 0.384899 0.385967 0.386938 0.387813 0.388591 0.389272 0.389857 0.390344 0.390734 0.391026 0.391221 0.391319 0.391319 0.391221 0.391026 0.390734 0.390344 0.389857 0.389272 0.388591 0.387813 0.386938 0.385967 0.384899 0.383736 0.382477 0.381123 0.379674 0.37813 0.376491 0.374759 0.372934 0.371016 0.369005 0.366902 0.364708 0.362423 0.360047 0.357582 0.355028 0.352385 0.349655 0.346837 0.343933 0.340943 0.337868 0.334709 0.331467 0.328142 0.324735 0.321247 0.317679 0.314032 0.310307 0.306504 0.302625 0.298671 0.294642 0.29054 0.286365 0.282119 0.277803 0.273417 0.268963 0.264443 0.259856 0.255204 0.250489 0.245712 0.240873 0.235975 0.231017 0.226002 0.22093 0.215804 0.210624 0.205391 0.200107 0.194773 0.189391 0.183961 0.178486 0.172966 0.167403 0.161798 0.156153 0.150469 0.144748 0.13899 0.133198 0.127372 0.121515 0.115628 0.109712 0.103768 0.0977987 0.0918049 0.0857882 0.0797501 0.0736922 0.0676159 0.0615227 0.0554142 0.0492919 0.0431573 0.037012 0.0308574 0.0246952 0.0185268 0.0123538 0.00617765 0 
0 0.00896459 0.017927 0.0268848 0.035836 0.0447783 0.0537094 0.0626271 0.0715292 0.0804135 0.0892777 0.0981197 0.106937 0.115728 0.12449 0.133221 0.141919 0.150581 0.159206 0.167792 0.176335 0.184835 0.193288 0.201693 0.210048 0.218351 0.226599 0.234791 0.242924 0.250997 0.259007 0.266952 0.274831 0.282642 0.290382 0.29805 0.305643 0.313161 0.3206 0.327959 0.335237 0.342431 0.349539 0.356561 0.363494 0.370336 0.377086 0.383742 0.390302 0.396765 0.403129 0.409393 0.415554 0.421612 0.427565 0.433412 0.43915 0.444779 0.450297 0.455703 0.460995 0.466173 0.471234 0.476178 0.481003 0.485708 0.490292 0.494754 0.499093 0.503307 0.507396 0.511358 0.515193 0.5189 0.522477 0.525924 0.52924 0.532424 0.535476 0.538394 0.541177 0.543826 0.54634 0.548717 0.550957 0.55306 0.555026 0.556853 0.558541 0.56009 0.561499 0.562769 0.563898 0.564887 0.565735 0.566441 0.567007 0.567432 0.567715 0.567856 0.567856 0.567715 0.567432 0.567007 0.566441 0.565735 0.564887 0.563898 0.562769 0.561499 0.56009 0.558541 0.556853 0.555026 0.55306 0.550957 0.548717 0.54634 0.543826 0.541177 0.538394 0.535476 0.532424 0.52924 0.525924 0.522477 0.5189 0.515193 0.511358 0.507396 0.503307 0.499093 0.494754 0.490292 0.485708 0.481003 0.476178 0.471234 0.466173 0.460995 0.455703 0.450297 0.444779 0.43915 0.433412 0.427565 0.421612 0.415554 0.409393 0.403129 0.396765 0.390302 0.383742 0.377086 0.370336 0.363494 0.356561 0.349539 0.342431 0.335237 0.327959 0.3206 0.313161 0.305643 0.29805 0.290382 0.282642 0.274831 0.266952 0.259007 0.250997 0.242924 0.234791 0.226599 0.218351 0.210048 0.201693 0.193288 0.184835 0.176335 0.167792 0.159206 0.150581 0.141919 0.133221 0.12449 0.115728 0.106937 0.0981197 0.0892777 0.0804135 0.0715292 0.0626271 0.0537094 0.0447783 0.035836 0.0268848 0.017927 0.00896459 0 
0 0.0122378 0.0244725 0.0367011 0.0489206 0.0611279 0.0733199 0.0854937 0.0976462 0.109774 0.121875 0.133945 0.145982 0.157983 0.169944 0.181863 0.193737 0.205562 0.217336 0.229056 0.240719 0.252322 0.263862 0.275336 0.286742 0.298076 0.309335 0.320518 0.331621 0.342641 0.353576 0.364423 0.375179 0.385841 0.396407 0.406875 0.417241 0.427503 0.437658 0.447704 0.457639 0.46746 0.477164 0.48675 0.496214 0.505554 0.514769 0.523855 0.53281 0.541633 0.550321 0.558871 0.567283 0.575553 0.583679 0.59166 0.599494 0.607178 0.614711 0.62209 0.629315 0.636383 0.643292 0.650041 0.656628 0.663051 0.669309 0.6754 0.681323 0.687076 0.692658 0.698067 0.703302 0.708362 0.713246 0.717951 0.722478 0.726825 0.73099 0.734973 0.738774 0.74239 0.745821 0.749066 0.752124 0.754995 0.757678 0.760172 0.762477 0.764591 0.766515 0.768248 0.76979 0.77114 0.772297 0.773262 0.774034 0.774614 0.775 0.775193 0.775193 0.775 0.774614 0.774034 0.773262 0.772297 0.77114 0.76979 0.768248 0.766515 0.764591 0.762477 0.760172 0.757678 0.754995 0.752124 0.749066 0.745821 0.74239 0.738774 0.734973 0.73099 0.726825 0.722478 0.717951 0.713246 0.708362 0.703302 0.698067 0.692658 0.687076 0.681323 0.6754 0.669309 0.663051 0.656628 0.650041 0.643292 0.636383 0.629315 0.62209 0.614711 0.607178 0.599494 0.59166 0.583679 0.575553 0.567283 0.558871 0.550321 0.541633 0.53281 0.523855 0.514769 0.505554 0.496214 0.48675 0.477164 0.46746 0.457639 0.447704 0.437658 0.427503 0.417241 0.406875 0.396407 0.385841 0.375179 0.364423 0.353576 0.342641 0.331621 0.320518 0.309335 0.298076 0.286742 0.275336 0.263862 0.252322 0.240719 0.229056 0.217336 0.205562 0.193737 0.181863 0.169944 0.157983 0.145982 0.133945 0.121875 0.109774 0.0976462 0.0854937 0.0733199 0.0611279 0.0489206 0.0367011 0.0244725 0.0122378 0 
0 0.0157862 0.0315685 0.047343 0.0631056 0.0788525 0.0945798 0.110283 0.12596 0.141605 0.157214 0.172784 0.188312 0.203792 0.219222 0.234597 0.249913 0.265167 0.280355 0.295473 0.310518 0.325485 0.340371 0.355173 0.369885 0.384506 0.399031 0.413456 0.427778 0.441994 0.456099 0.470091 0.483966 0.49772 0.51135 0.524852 0.538224 0.551462 0.564562 0.577521 0.590337 0.603005 0.615523 0.627888 0.640096 0.652145 0.664031 0.675752 0.687304 0.698685 0.709892 0.720922 0.731772 0.74244 0.752923 0.763218 0.773323 0.783236 0.792953 0.802472 0.811792 0.820909 0.829821 0.838527 0.847024 0.85531 0.863382 0.87124 0.87888 0.886301 0.893501 0.900479 0.907232 0.913759 0.920059 0.926129 0.931968 0.937575 0.942948 0.948087 0.952989 0.957653 0.962079 0.966265 0.970211 0.973914 0.977375 0.980592 0.983565 0.986293 0.988775 0.99101 0.992999 0.99474 0.996233 0.997478 0.998474 0.999221 0.99972 0.999969 0.999969 0.99972 0.999221 0.998474 0.997478 0.996233 0.99474 0.992999 0.99101 0.988775 0.986293 0.983565 0.980592 0.977375 0.973914 0.970211 0.966265 0.962079 0.957653 0.952989 0.948087 0.942948 0.937575 0.931968 0.926129 0.920059 0.913759 0.907232 0.900479 0.893501 0.886301 0.87888 0.87124 0.863382 0.85531 0.847024 0.838527 0.829821 0.820909 0.811792 0.802472 0.792953 0.783236 0.773323 0.763218 0.752923 0.74244 0.731772 0.720922 0.709892 0.698685 0.687304 0.675752 0.664031 0.652145 0.640096 0.627888 0.615523 0.603005 0.590337 0.577521 0.564562 0.551462 0.538224 0.524852 0.51135 0.49772 0.483966 0.470091 0.456099 0.441994 0.427778 0.413456 0.399031 0.384506 0.369885 0.355173 0.340371 0.325485 0.310518 0.295473 0.280355 0.265167 0.249913 0.234597 0.219222 0.203792 0.188312 0.172784 0.157214 0.141605 0.12596 0.110283 0.0945798 0.0788525 0.0631056 0.047343 0.0315685 0.0157862 0 
