0 0 0 0 0 0 0 0 0 0 0 
0 0.0104993 0.0199654 0.0274874 0.0323047 0.0339763 0.0323047 0.0274874 0.0199654 0.0104993 0 
0 0.0216671 0.0412234 0.0567251 0.0667009 0.0701161 0.0667009 0.0567251 0.0412234 0.0216671 0 
0 0.0342942 0.0652173 0.0897834 0.105524 0.110978 0.105524 0.0897834 0.0652173 0.0342942 0 
0 0.0493383 0.0938637 0.129169 0.151875 0.159662 0.151875 0.129169 0.0938637 0.0493383 0 
0 0.0681424 0.129597 0.178399 0.209692 0.220513 0.209692 0.178399 0.129597 0.0681424 0 
0 0.0924557 0.175878 0.242052 0.284576 0.299193 0.284576 0.242052 0.175878 0.0924557 0 
0 0.124751 0.237276 0.326601 0.38392 0.403701 0.38392 0.326601 0.237276 0.124751 0 
0 0.168318 0.320171 0.440663 0.518047 0.54469 0.518047 0.440663 0.320171 0.168318 0 
0 0.227702 0.43311 0.596132 0.700787 0.73686 0.700787 0.596132 0.43311 0.227702 0 
0 0.309017 0.587785 0.809017 0.951057 1 0.951057 0.809017 0.587785 0.309017 0 
